0 56.4887
1 56.4887
2 56.4887
3 56.4887
4 56.4887
5 56.4887
6 56.4887
7 56.4887
8 56.4887
9 56.4887
10 56.4887
11 56.4887
12 56.4887
13 56.4887
14 56.4887
15 56.4887
16 56.4887
17 56.4887
18 56.4887
19 56.4887
20 56.1687
21 56.5103
22 56.5103
23 56.4681
24 56.4903
25 56.4883
26 56.2834
27 56.2686
28 56.1034
29 56.1034
30 55.0268
31 55.0268
32 55.3600
33 55.1623
34 55.1623
35 55.2336
36 53.9792
37 55.2668
38 53.9835
39 54.0899
40 54.0899
41 53.8328
42 55.3551
43 55.3551
44 55.4464
45 54.1053
46 54.1179
47 55.4027
48 55.4440
49 55.4381
50 55.5506
51 55.5506
52 55.5506
53 55.5452
54 55.6529
55 55.6340
56 55.7905
57 55.7742
58 55.8360
59 55.8808
60 55.9603
61 55.9974
62 55.8697
63 55.8697
64 55.8692
65 55.8870
66 55.7602
67 55.7497
68 55.7217
69 55.6154
70 55.6979
71 55.6979
72 55.5647
73 55.7032
74 55.8612
75 92.0637
76 94.8075
77 94.1414
78 94.6188
79 92.6557
80 95.9071
81 94.7042
82 55.5791
83 93.3954
84 54.6115
85 96.1185
86 98.6587
87 97.6673
88 97.6673
89 100.4760
90 98.4102
91 70.7103
92 70.7103
93 72.0940
94 73.5514
95 73.8124
96 73.8124
97 72.2272
98 72.5724
99 71.6267
100 71.1192
101 71.0878
102 70.0516
103 70.0583
104 69.6393
105 66.8056
106 68.7515
107 68.7515
108 66.7942
109 66.2281
110 66.2281
111 73.5686
112 73.7333
113 73.8791
114 73.3252
115 72.8764
116 73.3136
117 73.7707
118 73.4313
119 76.3095
120 80.8389
121 81.3924
122 84.9905
123 87.2084
124 89.7490
125 95.6677
126 96.4273
127 96.5574
128 96.5482
129 96.2088
130 94.8938
131 95.8697
132 95.7027
133 95.1476
134 93.8228
135 93.4688
136 93.3892
137 93.3892
138 92.6338
139 93.1558
140 93.5930
141 94.2186
142 93.7096
143 95.3265
144 96.2584
145 101.0777
146 101.0777
147 103.3592
148 104.6701
149 105.4015
150 107.5091
151 108.2977
152 108.2977
153 109.4924
154 109.9116
155 109.6156
156 109.6156
157 109.4389
158 108.8507
159 107.6931
160 107.6931
161 107.3459
162 107.5364
163 107.3610
164 107.6483
165 107.9990
166 107.6856
167 107.5853
168 107.6199
169 107.7426
170 108.0820
171 108.1057
172 108.1057
173 108.0652
174 108.1124
175 108.1825
176 107.9616
177 107.7628
178 108.0478
179 105.8023
180 105.5832
181 104.9552
182 104.7372
183 104.4884
184 104.2262
185 103.8902
186 103.8902
187 103.7456
188 103.8213
189 105.4154
190 105.9872
191 106.7501
192 107.4812
193 108.0949
194 109.8392
195 110.4217
196 120.6088
197 116.8217
198 119.1658
199 116.6055
200 114.1396
201 114.2073
202 113.1891
203 111.8075
204 108.7459
205 107.8068
206 106.8201
207 106.8712
208 105.6190
209 105.3101
210 105.3101
211 102.6422
212 101.1490
213 100.2663
214 100.3599
215 100.2188
216 100.5251
217 100.9191
218 100.7330
219 101.0038
220 101.1918
221 102.0856
222 102.0856
223 101.9303
224 99.8852
225 99.0379
226 96.8255
227 95.0087
228 93.1334
229 92.7772
230 91.4492
231 91.4492
232 91.0347
233 91.5233
234 92.3437
235 94.4228
236 95.4976
237 98.4948
238 99.4577
239 103.0232
240 103.9475
241 106.0696
242 108.7371
243 109.8204
244 110.8895
245 111.0440
246 111.0685
247 110.8748
248 110.7513
249 110.7513
250 110.0886
251 109.5803
252 109.3967
253 109.1714
254 108.8805
255 108.8013
256 109.6159
257 109.4578
258 109.5110
259 109.4851
260 109.8974
261 109.6068
262 109.0844
263 108.4752
264 115.5404
265 115.6428
266 104.8314
267 105.1848
268 106.3438
269 107.5105
270 109.2887
271 108.2274
272 107.5434
273 106.4039
274 106.4039
275 104.4640
276 102.5530
277 101.9998
278 99.7508
279 102.2050
280 99.2112
281 99.2112
282 95.6736
283 94.3442
284 94.3442
285 90.8541
286 90.2174
287 87.1369
288 87.0257
289 87.8311
290 88.4433
291 89.6561
292 92.6483
293 94.0956
294 99.6718
295 100.4776
296 102.8860
297 102.8860
298 103.3181
299 104.3462
300 105.1654
301 106.6194
302 106.8211
303 106.8457
304 106.5139
305 105.5877
306 105.5984
307 103.5315
308 98.3570
309 98.3570
310 98.4399
311 99.1705
312 99.6721
313 100.4607
314 101.9610
315 105.4157
316 115.8554
317 108.1232
318 106.1399
319 104.9557
320 102.1711
321 101.0609
322 100.6186
323 99.4056
324 97.2268
325 97.5414
326 98.0090
327 100.0636
328 101.3458
329 103.8672
330 105.5583
331 107.2149
332 107.6119
333 107.1578
334 107.0638
335 107.8362
336 109.1890
337 110.0849
338 110.1359
339 110.0760
340 109.7433
341 109.8969
342 110.4413
343 110.4211
344 106.7845
345 106.7845
346 102.7464
347 103.0799
348 103.5735
349 104.0503
350 104.6962
351 105.8898
352 106.3176
353 107.4813
354 106.7751
355 106.7751
356 105.2212
357 104.6353
358 104.6666
359 104.4409
360 104.4409
361 104.7362
362 105.8591
363 106.4765
364 114.0676
365 112.0059
366 112.0059
367 111.3006
368 110.8134
369 110.8134
370 114.4775
371 111.9980
372 111.5572
373 110.6079
374 108.4120
375 108.8854
376 114.1766
377 113.9910
378 110.2329
379 111.3055
380 107.6056
381 107.5215
382 112.4696
383 105.3235
384 105.2223
385 101.5836
386 98.8725
387 97.4857
388 97.4857
389 96.8601
390 96.8601
391 96.0465
392 94.1585
393 93.2347
394 90.1611
395 91.2118
396 91.2118
397 93.7287
398 94.1646
399 95.6274
400 96.7024
401 98.9723
402 101.9953
403 105.4869
404 108.3199
405 110.6419
406 110.6419
407 110.6419
408 111.2872
409 112.7993
410 111.1882
411 112.3949
412 111.5989
413 111.5989
414 115.2832
415 113.5979
416 110.6816
417 113.2785
418 110.4401
419 110.3764
420 110.4117
421 110.3608
422 110.1393
423 109.7341
424 109.2937
425 108.5058
426 108.3768
427 107.2036
428 105.7534
429 103.4854
430 91.8801
431 92.6314
432 92.4512
433 93.1091
434 97.0615
435 96.6925
436 98.0751
437 102.8254
438 105.6587
439 108.6608
440 109.3993
441 111.1118
442 111.6910
443 112.0403
444 111.6337
445 110.2521
446 111.6540
447 111.6968
448 111.2257
449 110.9186
450 109.9118
451 109.8699
452 109.7597
453 109.9449
454 109.5662
455 108.6247
456 108.6247
457 108.2284
458 108.4215
459 116.0754
460 117.4386
461 114.9039
462 128.6840
463 128.9344
464 122.3288
465 123.0639
466 123.8841
467 123.8334
468 123.1458
469 122.2630
470 119.8610
471 118.7711
472 116.7672
473 115.0344
474 112.6341
475 108.4891
476 105.9894
477 108.2625
478 104.7468
479 104.5955
480 104.3139
481 104.3139
482 102.8052
483 101.6931
484 100.7170
485 100.6381
486 101.4983
487 101.4261
488 101.7873
489 101.7873
490 102.1528
491 104.7782
492 104.7782
493 104.2786
494 104.2786
495 102.6362
496 98.4280
497 98.4280
498 99.2626
499 99.9827
500 98.5372
501 98.5372
502 98.7503
503 99.9299
504 103.2128
505 103.7090
506 102.7283
507 102.7283
508 102.0714
509 99.2059
510 99.2059
511 98.2594
512 96.8864
513 96.1197
514 96.5887
515 96.5887
516 94.2017
517 93.6643
518 95.6217
519 96.5406
520 100.1589
521 100.1589
522 100.9259
523 101.9647
524 101.9647
525 103.7287
526 101.2394
527 102.6839
528 103.9500
529 103.9500
530 105.8206
531 107.0055
532 107.0055
533 108.2378
534 109.1001
535 109.7469
536 111.2923
537 111.6457
538 111.8711
539 111.3933
540 111.3933
541 111.3933
542 104.3435
543 103.2396
544 101.0116
545 99.5727
546 99.8498
547 102.1409
548 103.2729
549 104.1378
550 108.8467
551 108.8467
552 115.2343
553 116.8960
554 121.0237
555 122.1327
556 122.1327
557 121.8455
558 121.9274
559 120.7666
560 120.3138
561 119.9022
562 119.9459
563 119.9459
564 120.6692
565 123.9575
566 124.0657
567 124.6569
568 126.3661
569 126.8917
570 127.1057
571 127.2788
572 126.4373
573 124.6990
574 124.6990
575 125.4694
576 125.1520
577 124.7741
578 125.3680
579 96.6296
580 96.3291
581 95.5115
582 95.3784
583 97.2382
584 97.2382
585 102.8685
586 107.5740
587 112.9552
588 114.1196
589 114.3670
590 90.7345
591 113.8399
592 102.7397
593 105.4226
594 105.2796
595 106.2425
596 106.2425
597 107.2599
598 108.9619
599 108.9619
600 109.8316
601 111.6843
602 111.5794
603 111.1935
604 110.3435
605 110.1439
606 110.1439
607 110.4810
608 110.7459
609 111.3507
610 111.5802
611 112.4014
612 112.8366
613 113.3593
614 113.3577
615 113.4198
616 113.5209
617 113.6980
618 114.0440
619 112.1599
620 112.1599
621 107.8656
622 98.4820
623 99.2780
624 98.2590
625 122.9566
626 122.9566
627 101.0486
628 115.8421
629 110.9840
630 110.9840
631 110.3016
632 111.8642
633 112.2733
634 112.5900
635 113.8356
636 112.5891
637 112.6272
638 112.0874
639 113.6864
640 112.3797
641 119.3041
642 115.3517
643 115.3517
644 111.7775
645 110.6877
646 111.1274
647 111.3846
648 112.5296
649 115.2458
650 112.8552
651 113.4001
652 112.6063
653 112.0654
654 109.9888
655 109.4827
656 109.1945
657 109.1332
658 109.1332
659 110.3762
660 107.0512
661 107.0512
662 104.4695
663 101.9888
664 101.9888
665 99.1787
666 98.9463
667 96.7001
668 95.6389
669 91.7910
670 91.7910
671 91.0013
672 88.2919
673 89.4353
674 89.4353
675 113.6281
676 115.5216
677 118.8946
678 118.8946
679 122.5673
680 122.4741
681 119.9776
682 121.4723
683 122.2799
684 123.5105
685 122.8689
686 121.8497
687 121.1002
688 117.9888
689 117.5969
690 116.1969
691 115.1554
692 115.1554
693 115.0395
694 113.4215
695 113.4449
696 113.2128
697 112.8691
698 113.3411
699 116.8957
700 117.5602
701 121.0558
702 121.0558
703 123.9817
704 126.9383
705 127.5180
706 127.5180
707 129.0180
708 107.6416
709 106.4924
710 106.4924
711 103.1283
712 100.4210
713 99.2764
714 96.2421
715 96.2421
716 93.9574
717 93.7922
718 97.9836
719 100.2139
720 101.2881
721 101.2881
722 103.5351
723 108.1618
724 109.9922
725 115.2980
726 116.8727
727 115.7809
728 114.2851
729 114.2851
730 103.8477
731 101.7251
732 99.5294
733 99.5294
734 99.1433
735 99.8147
736 99.8147
737 103.5513
738 104.5048
739 106.5286
740 108.1314
741 110.1744
742 110.5569
743 111.3934
744 116.8778
745 112.3320
746 112.3320
747 116.1260
748 117.2097
749 117.5540
750 121.9919
751 117.1658
752 120.1536
753 117.6948
754 114.2939
755 114.3504
756 113.7739
757 113.7739
758 114.0455
759 114.1605
760 112.8933
761 112.3900
762 111.3244
763 109.9485
764 109.9485
765 107.0560
766 105.8026
767 106.5474
768 106.8938
769 109.3018
770 115.5621
771 113.1350
772 124.2243
773 124.4948
774 125.8470
775 121.5635
776 122.3940
777 127.9437
778 125.4424
779 122.4605
780 120.3595
781 119.5768
782 113.6261
783 113.6261
784 109.9755
785 106.8829
786 106.8276
787 105.3510
788 104.2405
789 104.0009
790 105.6382
791 104.1002
792 102.7185
793 103.7440
794 107.4040
795 116.1076
796 91.9004
797 113.9477
798 110.7975
799 107.6070
800 107.6070
801 105.5508
802 103.8303
803 105.2765
804 105.2765
805 106.0838
806 106.3713
807 106.6101
808 106.7311
809 107.1803
810 107.2635
811 107.2965
812 107.3127
813 107.2733
814 107.2522
815 107.1472
816 107.5187
817 106.7956
818 106.4471
819 106.4471
820 105.3838
821 103.7801
822 103.7801
823 103.2305
824 103.3377
825 103.6638
826 103.8251
827 104.2373
828 104.5229
829 106.0037
830 106.9088
831 106.9088
832 107.5555
833 107.5446
834 107.5446
835 107.4896
836 107.4103
837 106.7790
838 106.3957
839 106.1344
840 106.0845
841 104.8759
842 104.2017
843 103.9652
844 103.5551
845 103.6399
846 103.7931
847 104.3473
848 104.3473
849 105.7542
850 107.0327
851 107.8758
852 108.5906
853 109.1728
854 109.7795
855 110.0907
856 110.1911
857 110.3355
858 110.5788
859 110.5727
860 110.5526
861 110.7094
862 110.7091
863 110.4962
864 110.2538
865 109.7550
866 109.5958
867 109.3563
868 109.3692
869 109.4384
870 109.4774
871 109.5818
872 109.6236
873 109.7614
874 110.1201
875 110.2422
876 110.5651
877 110.7128
878 111.1703
879 111.1957
880 111.2315
881 111.3325
882 111.3095
883 111.4789
884 111.5624
885 111.6631
886 111.7174
887 111.6717
888 112.1141
889 112.1141
890 112.2800
891 112.0630
892 112.1934
893 112.2926
894 112.6061
895 111.9710
896 113.2898
897 113.2898
898 113.8785
899 114.1347
900 114.1347
901 114.1882
902 114.1890
903 114.3140
904 114.2239
905 114.1237
906 114.1890
907 114.1890
908 113.8892
909 114.1271
910 113.7808
911 113.7494
912 113.7174
913 113.6910
914 113.6034
915 113.2706
916 113.2924
917 112.8499
918 112.7714
919 113.1063
920 113.2665
921 113.9218
922 113.9218
923 114.2557
924 114.3792
925 114.5924
926 114.8244
927 115.1226
928 115.5240
929 115.3988
930 115.0934
931 114.3582
932 114.1067
933 113.3928
934 113.1057
935 112.8682
936 112.8736
937 112.8968
938 113.1125
939 112.1737
940 112.2670
941 112.3884
942 112.5501
943 112.5501
944 112.5436
945 112.7316
946 112.7762
947 112.8506
948 112.8512
949 113.0636
950 113.1233
951 113.5194
952 113.6511
953 113.8145
954 114.2364
955 120.1134
956 116.2654
957 115.5387
958 114.0715
959 114.6397
960 113.3570
961 113.0880
962 112.8279
963 113.4986
964 113.4654
965 76.7625
966 75.8649
967 78.8990
968 80.3947
969 80.3947
970 80.2281
971 83.3708
972 84.7909
973 88.0162
974 89.4943
975 90.0458
976 92.5963
977 93.5129
978 93.5129
979 94.5954
980 95.1067
981 95.0083
982 94.2741
983 94.6276
984 94.2517
985 94.5418
986 94.8980
987 97.9210
988 97.9210
989 99.9910
990 103.8270
991 108.4697
992 109.6317
993 110.7137
994 111.1123
995 111.7379
996 112.1352
997 112.2360
998 112.5465
999 112.3067
1000 112.0958
1001 111.9944
1002 112.0812
1003 111.6985
1004 111.2758
1005 110.3810
1006 119.1769
1007 115.4194
1008 110.5866
1009 115.7815
1010 115.9526
1011 111.2369
1012 110.2306
1013 114.8091
1014 113.8714
1015 110.3986
1016 110.3986
1017 110.9067
1018 111.0896
1019 111.4547
1020 111.4547
1021 111.3309
1022 115.5313
1023 115.5313
1024 111.4987
1025 111.9105
1026 111.9105
1027 112.2087
1028 109.8421
1029 112.3186
1030 112.3186
1031 100.0029
1032 93.2712
1033 89.7983
1034 89.7983
1035 90.1047
1036 89.6267
1037 89.2260
1038 86.9032
1039 86.9032
1040 86.3261
1041 88.0738
1042 88.8608
1043 88.5540
1044 90.3099
1045 90.6177
1046 90.7404
1047 93.2364
1048 94.3751
1049 97.6163
1050 99.0386
1051 101.9185
1052 102.4715
1053 104.5258
1054 105.6140
1055 106.0654
1056 107.4638
1057 107.5383
1058 108.4162
1059 108.4162
1060 108.6047
1061 108.6760
1062 108.6760
1063 108.3970
1064 108.8722
1065 108.5529
1066 108.5529
1067 108.4828
1068 108.2523
1069 107.5887
1070 107.2610
1071 106.8719
1072 106.1764
1073 106.1667
1074 106.1600
1075 106.2493
1076 106.5571
1077 106.6206
1078 107.4984
1079 107.5164
1080 107.5225
1081 107.7704
1082 107.6115
1083 107.3765
1084 107.0145
1085 106.3904
1086 106.3904
1087 106.1750
1088 106.1802
1089 106.0829
1090 106.1915
1091 106.4901
1092 106.6227
1093 106.3995
1094 107.3970
1095 107.5056
1096 107.6651
1097 107.3287
1098 107.1463
1099 107.0017
1100 106.7509
1101 106.4141
1102 106.2233
1103 105.5120
1104 105.0886
1105 104.9748
1106 104.9748
1107 104.8574
1108 104.4664
1109 104.4179
1110 104.4709
1111 104.7022
1112 104.8561
1113 105.1079
1114 105.0982
1115 105.8544
1116 105.3902
1117 105.3902
1118 104.1048
1119 104.5548
1120 104.5548
1121 104.0344
1122 103.8552
1123 102.2251
1124 102.1069
1125 102.4457
1126 69.5694
1127 68.0529
1128 66.7826
1129 66.7355
1130 67.0180
1131 66.4917
1132 66.4917
1133 69.8268
1134 80.9768
1135 82.9481
1136 85.7085
1137 83.6148
1138 87.5081
1139 87.9238
1140 88.0365
1141 86.8220
1142 86.8220
1143 87.2989
1144 86.2743
1145 83.8603
1146 82.9657
1147 82.9657
1148 82.6679
1149 82.9153
1150 83.7606
1151 83.7606
1152 84.1103
1153 83.9635
1154 84.6694
1155 85.9293
1156 88.2079
1157 88.2079
1158 89.8984
1159 93.7132
1160 93.7132
1161 96.1208
1162 98.3051
1163 100.4149
1164 101.8477
1165 101.8477
1166 102.6119
1167 104.1817
1168 104.5361
1169 104.5361
1170 103.4109
1171 103.4109
1172 103.4109
1173 103.8327
1174 103.8481
1175 101.6828
1176 101.6828
1177 103.1666
1178 103.1666
1179 103.1666
1180 102.3296
1181 102.3296
1182 102.3419
1183 101.1920
1184 96.6739
1185 95.4227
1186 93.2432
1187 90.2415
1188 90.2415
1189 87.3704
1190 87.3704
1191 90.2346
1192 94.1150
1193 126.7166
1194 99.3701
1195 107.2383
1196 113.1271
1197 113.1271
1198 122.1010
1199 121.5364
1200 121.5364
1201 117.9636
1202 117.9636
1203 115.5658
1204 115.5658
1205 111.3633
1206 110.0107
1207 110.0703
1208 107.0038
1209 106.9100
1210 106.3930
1211 108.1160
1212 108.1160
1213 111.1874
1214 112.6990
1215 117.5454
1216 119.7288
1217 121.4152
1218 124.7141
1219 124.7141
1220 126.9833
1221 127.5467
1222 128.1956
1223 128.1956
1224 128.4738
1225 128.6697
1226 127.4151
1227 125.2199
1228 125.2647
1229 120.4169
1230 114.2818
1231 114.2818
1232 116.7960
1233 116.7960
1234 119.2243
1235 117.8053
1236 117.8053
1237 120.1471
1238 122.6938
1239 116.2707
1240 116.2707
1241 114.9006
1242 114.0098
1243 114.0098
1244 116.0579
1245 115.5050
1246 117.7512
1247 119.1177
1248 120.1665
1249 121.0455
1250 122.4084
1251 122.1955
1252 121.7145
1253 121.1646
1254 121.1646
1255 120.0545
1256 119.6600
1257 118.0983
1258 116.5892
1259 113.9269
1260 112.9838
1261 112.3298
1262 113.0803
1263 113.5378
1264 113.7734
1265 115.4010
1266 115.4010
1267 117.0333
1268 119.5761
1269 120.1572
1270 121.0874
1271 121.3413
1272 121.3413
1273 119.9967
1274 119.9385
1275 117.1360
1276 117.1360
1277 116.0088
1278 114.0918
1279 111.3461
1280 111.2634
1281 111.2634
1282 110.9775
1283 111.3712
1284 115.2457
1285 115.2457
1286 117.6293
1287 118.4617
1288 120.0331
1289 122.0252
1290 122.0252
1291 122.0252
1292 120.9243
1293 120.3608
1294 119.5014
1295 117.9043
1296 114.6478
1297 105.0060
1298 103.0328
1299 95.3267
1300 93.0900
1301 89.4892
1302 89.4892
1303 88.6314
1304 87.6965
1305 87.1018
1306 87.2594
1307 87.8088
1308 89.7996
1309 93.9211
1310 95.0972
1311 97.6006
1312 98.3659
1313 98.3659
1314 102.5499
1315 105.0947
1316 105.0694
1317 105.1286
1318 105.1801
1319 105.1801
1320 102.6419
1321 101.9878
1322 101.5985
1323 101.5985
1324 101.1816
1325 100.6904
1326 98.3643
1327 94.7701
1328 88.1467
1329 86.0684
1330 83.3217
1331 85.4050
1332 109.7584
1333 110.4252
1334 110.4252
1335 114.4051
1336 115.1062
1337 115.1594
1338 111.1322
1339 111.1322
1340 113.3757
1341 113.7514
1342 113.4007
1343 113.6222
1344 111.9677
1345 117.7032
1346 119.9125
1347 121.6662
1348 122.4461
1349 124.2717
1350 125.8491
1351 126.8245
1352 126.7275
1353 129.0020
1354 127.6854
1355 127.6854
1356 130.8913
1357 130.5745
1358 132.7609
1359 131.7727
1360 131.7727
1361 130.3579
1362 130.5805
1363 130.4350
1364 130.4350
1365 132.4420
1366 125.6131
1367 123.3301
1368 118.9927
1369 114.8234
1370 109.7389
1371 109.1743
1372 115.2883
1373 114.1434
1374 110.2332
1375 106.8384
1376 107.0721
1377 107.1583
1378 106.8788
1379 106.6256
1380 105.6204
1381 105.6204
1382 105.1330
1383 104.8980
1384 104.6915
1385 104.4598
1386 104.1503
1387 103.3646
1388 102.7359
1389 101.9476
1390 101.2405
1391 101.1617
1392 101.1617
1393 101.1924
1394 101.5122
1395 101.7539
1396 103.8056
1397 103.8056
1398 104.5099
1399 105.6050
1400 105.6050
1401 107.2133
1402 107.5726
1403 108.0224
1404 108.2143
1405 108.2862
1406 108.4100
1407 108.5990
1408 108.7433
1409 108.7433
1410 108.5745
1411 108.3706
1412 107.7280
1413 107.7280
1414 106.7766
1415 106.7766
1416 106.3463
1417 105.2542
1418 104.6471
1419 103.3728
1420 102.9121
1421 101.5058
1422 100.8115
1423 99.5033
1424 99.3182
1425 98.7800
1426 98.4750
1427 99.1025
1428 100.0749
1429 100.8669
1430 102.3279
1431 104.0697
1432 104.9336
1433 106.4361
1434 106.8392
1435 107.9683
1436 108.1816
1437 108.3353
1438 108.8889
1439 109.2180
1440 109.2180
1441 109.6959
1442 109.9302
1443 110.0527
1444 110.0500
1445 109.9521
1446 109.9291
1447 109.9120
1448 109.8995
1449 109.8820
1450 109.8530
1451 109.8692
1452 110.0071
1453 110.0655
1454 109.9818
1455 109.9356
1456 109.8522
1457 109.8643
1458 109.9159
1459 110.0913
1460 110.2026
1461 110.5274
1462 111.0314
1463 111.8547
1464 112.1331
1465 112.3388
1466 112.5365
1467 112.5686
1468 113.1226
1469 112.7299
1470 112.3816
1471 111.7983
1472 110.1302
1473 110.1302
1474 109.7362
1475 109.0691
1476 107.8712
1477 108.1845
1478 108.6154
1479 109.3389
1480 104.1235
1481 107.5422
1482 104.1340
1483 104.1340
1484 105.5612
1485 106.0088
1486 106.7530
1487 109.0015
1488 112.1573
1489 110.6864
1490 112.7784
1491 109.8518
1492 111.8682
1493 116.7509
1494 116.3259
1495 109.9130
1496 110.1326
1497 110.1326
1498 110.2418
1499 110.5802
1500 110.3871
1501 110.3871
1502 107.7836
1503 106.2757
1504 106.2757
1505 104.0798
1506 103.0049
1507 102.9104
1508 101.9290
1509 100.0985
1510 102.3918
1511 102.7482
1512 103.3458
1513 104.4438
1514 103.2611
1515 103.2611
1516 103.6955
1517 102.5490
1518 89.6307
1519 89.6307
1520 86.5764
1521 75.0724
1522 74.5430
1523 71.5771
1524 70.1164
1525 70.1164
1526 63.3416
1527 62.0292
1528 60.7489
1529 59.8160
1530 61.4652
1531 69.5606
1532 71.0338
1533 85.7653
1534 109.4914
1535 106.3167
1536 107.7273
1537 108.8087
1538 107.6354
1539 107.5450
1540 107.6243
1541 108.0026
1542 108.2905
1543 108.2905
1544 108.1277
1545 107.8388
1546 107.8388
1547 107.5720
1548 107.1979
1549 106.9114
1550 106.9114
1551 106.9612
1552 107.1125
1553 107.1125
1554 107.4005
1555 107.8573
1556 108.3514
1557 108.5134
1558 108.5134
1559 108.6799
1560 108.5660
1561 108.3877
1562 108.2396
1563 108.1109
1564 107.9495
1565 107.9495
1566 107.9495
1567 107.9523
1568 107.9562
1569 107.9908
1570 108.0247
1571 108.0267
1572 107.9703
1573 108.0127
1574 107.8907
1575 107.8907
1576 107.8869
1577 108.0159
1578 108.0159
1579 108.0732
1580 108.0849
1581 108.0506
1582 107.9827
1583 107.8894
1584 107.8339
1585 107.7884
1586 107.7174
1587 107.7299
1588 108.1283
1589 108.1283
1590 108.2023
1591 108.2023
1592 109.1329
1593 109.1329
1594 108.5867
1595 109.6426
1596 109.5227
1597 109.4663
1598 108.9153
1599 108.8511
1600 109.2348
1601 108.8690
1602 105.9974
1603 105.4725
1604 105.5365
1605 104.8686
1606 103.8690
1607 103.8690
1608 102.0302
1609 102.1503
1610 102.1945
1611 103.4897
1612 104.4309
1613 106.6124
1614 106.6124
1615 105.3881
1616 103.2753
1617 103.2850
1618 101.4869
1619 95.8726
1620 95.5858
1621 96.1367
1622 95.3263
1623 94.9265
1624 94.9265
1625 92.6470
1626 91.8362
1627 92.7414
1628 97.7179
1629 97.7179
1630 120.7208
1631 101.6144
1632 121.2533
1633 120.2117
1634 118.8618
1635 118.8618
1636 118.0263
1637 117.9648
1638 116.1030
1639 116.1030
1640 112.5135
1641 111.8866
1642 113.1961
1643 92.0394
1644 87.9497
1645 115.5771
1646 115.2551
1647 114.4901
1648 115.1543
1649 115.8350
1650 115.8350
1651 115.3820
1652 112.1006
1653 114.4967
1654 114.4967
1655 114.3869
1656 113.8593
1657 112.4369
1658 112.4369
1659 112.4976
1660 112.5952
1661 113.1859
1662 113.4532
1663 114.2606
1664 114.5479
1665 114.9207
1666 114.8800
1667 115.1649
1668 115.2307
1669 115.0774
1670 114.9047
1671 114.0802
1672 113.8253
1673 114.3847
1674 114.3847
1675 116.6295
1676 117.1103
1677 117.0397
1678 116.8753
1679 116.6812
1680 116.6812
1681 115.1387
1682 114.3528
1683 111.7858
1684 106.0590
1685 106.0590
1686 103.0389
1687 101.3424
1688 98.0908
1689 98.0908
1690 92.9181
1691 92.0274
1692 93.7420
1693 96.4261
1694 116.2904
1695 115.2220
1696 118.7145
1697 118.7145
1698 118.2247
1699 117.9985
1700 118.5945
1701 118.5945
1702 118.7767
1703 118.2561
1704 116.4532
1705 116.4532
1706 110.8710
1707 106.0195
1708 106.0195
1709 106.8272
1710 106.8556
1711 106.8556
1712 106.3683
1713 106.5460
1714 109.2715
1715 109.0548
1716 108.1436
1717 104.8997
1718 104.8351
1719 92.4508
1720 92.4508
1721 94.4719
1722 94.4317
1723 95.2013
1724 94.1693
1725 95.5546
1726 99.5257
1727 107.7068
1728 115.3976
1729 114.6505
1730 115.8849
1731 137.8071
1732 137.8071
1733 119.7555
1734 127.2201
1735 128.1432
1736 129.7955
1737 129.7544
1738 129.7544
1739 86.9493
1740 86.3992
1741 86.3992
1742 85.6941
1743 91.0329
1744 85.0300
1745 85.0323
1746 88.1983
1747 88.1983
1748 92.2240
1749 92.2240
1750 94.4169
1751 99.4091
1752 99.4091
1753 102.1554
1754 103.6318
1755 105.7286
1756 107.1738
1757 107.1738
1758 107.3328
1759 107.3424
1760 108.6791
1761 108.6791
1762 109.4108
1763 109.3575
1764 109.5429
1765 108.4557
1766 108.4557
1767 106.3824
1768 106.6958
1769 106.9252
1770 106.9848
1771 107.5505
1772 107.5505
1773 107.5298
1774 107.5645
1775 108.7407
1776 109.4783
1777 109.4783
1778 109.2030
1779 109.2030
1780 105.4990
1781 105.4990
1782 105.5051
1783 105.0731
1784 105.2891
1785 106.7657
1786 107.4653
1787 108.9120
1788 109.3475
1789 112.5364
1790 114.3958
1791 117.6305
1792 119.0965
1793 122.7499
1794 122.7499
1795 126.3952
1796 132.0368
1797 132.0368
1798 132.0252
1799 82.3351
1800 90.3229
1801 104.1917
1802 104.0672
1803 104.0672
1804 104.2486
1805 104.2486
1806 104.2392
1807 106.7549
1808 108.5950
1809 113.2526
1810 116.7176
1811 119.0717
1812 119.0717
1813 129.6489
1814 129.6489
1815 122.8434
1816 122.3001
1817 122.8952
1818 116.8041
1819 68.4547
1820 72.8397
1821 85.1451
1822 85.6450
1823 86.5304
1824 88.6760
1825 89.2113
1826 89.2113
1827 107.3606
1828 107.0128
1829 104.0396
1830 103.9822
1831 102.7411
1832 100.9495
1833 93.9210
1834 93.9210
1835 92.3607
1836 92.4830
1837 92.7846
1838 92.7846
1839 93.9540
1840 95.5258
1841 97.8838
1842 100.2346
1843 100.4243
1844 101.0711
1845 101.5180
1846 101.7113
1847 101.9940
1848 103.1128
1849 103.1128
1850 103.5969
1851 104.4175
1852 104.4175
1853 105.1869
1854 105.2543
1855 105.3109
1856 105.3109
1857 104.9222
1858 104.7520
1859 104.2071
1860 104.2071
1861 103.3118
1862 102.8675
1863 102.7091
1864 103.5456
1865 104.1830
1866 108.9491
1867 108.9491
1868 107.8281
1869 105.8137
1870 106.2127
1871 106.3617
1872 106.3676
1873 106.4652
1874 106.1421
1875 106.1270
1876 108.9087
1877 109.7376
1878 109.9962
1879 106.0280
1880 106.0280
1881 108.3399
1882 105.9761
1883 106.3155
1884 104.9415
1885 104.9415
1886 105.2084
1887 105.2138
1888 105.3045
1889 104.8639
1890 104.6827
1891 103.9538
1892 103.8713
1893 103.6775
1894 102.9346
1895 102.9346
1896 102.1001
1897 102.3685
1898 102.2480
1899 102.5465
1900 102.6755
1901 99.9908
1902 101.2672
1903 101.2672
1904 102.4391
1905 103.3159
1906 103.4351
1907 103.9757
1908 103.9832
1909 104.5338
1910 104.7087
1911 103.3534
1912 103.2358
1913 102.3158
1914 99.2317
1915 100.1393
1916 100.8276
1917 100.6553
1918 101.6138
1919 101.3918
1920 103.1620
1921 105.1880
1922 105.1176
1923 104.8812
1924 104.4695
1925 105.0110
1926 105.0110
1927 104.7704
1928 104.4193
1929 107.9641
1930 104.9126
1931 104.8861
1932 105.1712
1933 105.3414
1934 105.7785
1935 106.0657
1936 107.2189
1937 107.4768
1938 108.3433
1939 107.5860
1940 111.4342
1941 108.3282
1942 111.6004
1943 107.8232
1944 107.7638
1945 107.5602
1946 107.3999
1947 107.1209
1948 107.2402
1949 107.1641
1950 106.3449
1951 106.3449
1952 105.7426
1953 105.0049
1954 105.3404
1955 105.5765
1956 103.8905
1957 103.8905
1958 104.7223
1959 106.6120
1960 107.7565
1961 107.7565
1962 109.7453
1963 109.7820
1964 109.5269
1965 109.9091
1966 109.3477
1967 111.0809
1968 109.3108
1969 111.9270
1970 114.2854
1971 111.2108
1972 109.1127
1973 109.7843
1974 107.9727
1975 106.9305
1976 107.4773
1977 104.6827
1978 105.4082
1979 104.8899
1980 105.8135
1981 105.3814
1982 104.7533
1983 104.0981
1984 104.5677
1985 104.7817
1986 104.6433
1987 104.5251
1988 80.0216
1989 79.0648
1990 78.3544
1991 78.1929
1992 78.3967
1993 82.2714
1994 83.8283
1995 86.0027
1996 98.3587
1997 98.7039
1998 101.0277
1999 101.7999
2000 101.6187
2001 103.5376
2002 103.7706
2003 104.7265
2004 104.7265
2005 104.8260
2006 104.7551
2007 104.8747
2008 104.7094
2009 105.0664
2010 104.9859
2011 104.5045
2012 104.3539
2013 104.1743
2014 103.5100
2015 103.0737
2016 102.0121
2017 101.8399
2018 100.4454
2019 100.3318
2020 99.8657
2021 98.2939
2022 97.7279
2023 97.7293
2024 96.4399
2025 97.3877
2026 96.6092
2027 96.0758
2028 94.5740
2029 91.9841
2030 91.4344
2031 86.6472
2032 85.9308
2033 85.4884
2034 85.7551
2035 85.4425
2036 87.6124
2037 92.1439
2038 96.0027
2039 96.0027
2040 99.9388
2041 100.8006
2042 102.8961
2043 103.7712
2044 104.6026
2045 105.6890
2046 105.9412
2047 106.1713
2048 106.2890
2049 106.1725
2050 106.0535
2051 106.0721
2052 105.9634
2053 105.8384
2054 106.9265
2055 110.1332
2056 105.2764
2057 107.6763
2058 107.6763
2059 110.0204
2060 111.1209
2061 108.4981
2062 108.6995
2063 112.6549
2064 109.0639
2065 109.3633
2066 109.1296
2067 106.4096
2068 106.1741
2069 106.2577
2070 106.2577
2071 106.2840
2072 105.9230
2073 104.8703
2074 104.8703
2075 104.1143
2076 102.8239
2077 102.1435
2078 102.0865
2079 101.6720
2080 101.9701
2081 102.0723
2082 102.1847
2083 103.4872
2084 105.2105
2085 106.0205
2086 110.4468
2087 113.9284
2088 118.9013
2089 118.9013
2090 106.8205
2091 106.5962
2092 105.9914
2093 104.8644
2094 104.4001
2095 103.9875
2096 110.2141
2097 102.7613
2098 102.7929
2099 102.3232
2100 101.8940
2101 101.5198
2102 99.8197
2103 99.1285
2104 99.1285
2105 97.5902
2106 97.7794
2107 95.8664
2108 80.6930
2109 82.3393
2110 98.4473
2111 87.0174
2112 90.3410
2113 102.5758
2114 101.0010
2115 85.3215
2116 90.2433
2117 91.2682
2118 92.5220
2119 93.0801
2120 92.6399
2121 89.9343
2122 86.8252
2123 86.8252
2124 81.9361
2125 80.1823
2126 80.4173
2127 80.6519
2128 81.1301
2129 86.7322
2130 91.3690
2131 95.8802
2132 97.6464
2133 98.3065
2134 97.0283
2135 95.7164
2136 97.2846
2137 97.7582
2138 98.0733
2139 99.5471
2140 100.0282
2141 100.0282
2142 101.3976
2143 102.1624
2144 103.8851
2145 103.8851
2146 104.4151
2147 105.4131
2148 105.3844
2149 105.6538
2150 105.6411
2151 105.5745
2152 105.4359
2153 105.0135
2154 104.6422
2155 104.4909
2156 104.3325
2157 104.2530
2158 104.2967
2159 104.3493
2160 109.6785
2161 104.5132
2162 105.3761
2163 105.4980
2164 105.5237
2165 105.5068
2166 105.3406
2167 105.0869
2168 104.9250
2169 104.6328
2170 105.3220
2171 106.1323
2172 105.8314
2173 105.2574
2174 104.6498
2175 103.4181
2176 103.0304
2177 102.9139
2178 102.9523
2179 102.7164
2180 101.5860
2181 101.2828
2182 100.7768
2183 97.7582
2184 97.7582
2185 91.9250
2186 90.5477
2187 84.8580
2188 85.6786
2189 86.5204
2190 86.1113
2191 87.3934
2192 88.2369
2193 88.2369
2194 95.4994
2195 96.6698
2196 99.4203
2197 99.4203
2198 104.1237
2199 102.0675
2200 102.4096
2201 103.0618
2202 104.5841
2203 105.6093
2204 102.5515
2205 107.9632
2206 107.5472
2207 101.2727
2208 101.2727
2209 103.8107
2210 100.5071
2211 98.3298
2212 98.1541
2213 99.3409
2214 99.6239
2215 100.2948
2216 100.6952
2217 100.7109
2218 100.7309
2219 100.6223
2220 100.1400
2221 103.1258
2222 102.2307
2223 102.1905
2224 106.4054
2225 101.7350
2226 102.0658
2227 103.1346
2228 103.6528
2229 104.4764
2230 104.5845
2231 104.8396
2232 105.2716
2233 105.2841
2234 105.4034
2235 105.4613
2236 105.4366
2237 105.3661
2238 105.2895
2239 105.0740
2240 104.9540
2241 104.8793
2242 104.7740
2243 104.5968
2244 103.9388
2245 103.4582
2246 101.6506
2247 100.5321
2248 99.7957
2249 98.7035
2250 101.7954
2251 98.5151
2252 98.6948
2253 99.1611
2254 100.4865
2255 101.1733
2256 101.6287
2257 102.7090
2258 103.7557
2259 104.5851
2260 104.8633
2261 105.1356
2262 105.0916
2263 104.9287
2264 104.9214
2265 104.9276
2266 104.7581
2267 104.6290
2268 104.0712
2269 103.7483
2270 103.7483
2271 103.2989
2272 103.3092
2273 103.7493
2274 103.9868
2275 103.9986
2276 103.9021
2277 103.5811
2278 103.5004
2279 103.4943
2280 103.3019
2281 103.4243
2282 103.3090
2283 103.4934
2284 103.5356
2285 103.6594
2286 106.1726
2287 104.0553
2288 104.0553
2289 109.2236
2290 104.6273
2291 104.7795
2292 104.7795
2293 104.5094
2294 104.6852
2295 105.4002
2296 105.8190
2297 106.3949
2298 106.3378
2299 106.4598
2300 106.4598
2301 106.2779
2302 106.1855
2303 105.7233
2304 105.6289
2305 105.4620
2306 105.3676
2307 105.3498
2308 105.4121
2309 105.5806
2310 106.2778
2311 106.2778
2312 106.6139
2313 107.0699
2314 107.5124
2315 107.8388
2316 107.9649
2317 108.1244
2318 108.5145
2319 108.5145
2320 108.4221
2321 108.6068
2322 108.5573
2323 108.7927
2324 108.7927
2325 108.7013
2326 108.3302
2327 108.5348
2328 108.4558
2329 108.0733
2330 108.4321
2331 108.3007
2332 108.3405
2333 108.0504
2334 109.5320
2335 108.4850
2336 107.4240
2337 107.1424
2338 106.2912
2339 105.7558
2340 105.7558
2341 103.3999
2342 102.1592
2343 102.1592
2344 101.9495
2345 101.9331
2346 102.6796
2347 102.6796
2348 103.1958
2349 103.8872
2350 104.3591
2351 107.6014
2352 106.5463
2353 105.8756
2354 107.0910
2355 107.2349
2356 108.1541
2357 107.6692
2358 106.6545
2359 106.6267
2360 106.4962
2361 106.2594
2362 75.9967
2363 75.8209
2364 75.8836
2365 75.8752
2366 76.0097
2367 75.5889
2368 76.4424
2369 78.8475
2370 79.2528
2371 82.8227
2372 84.3427
2373 88.8347
2374 89.4483
2375 90.6831
2376 92.3000
2377 90.8971
2378 88.2522
2379 75.8517
2380 74.1923
2381 73.6931
2382 70.7844
2383 70.7844
2384 70.1687
2385 70.7470
2386 71.4200
2387 76.1878
2388 80.4859
2389 104.4051
2390 107.1054
2391 104.1434
2392 104.1135
2393 99.3802
2394 99.3802
2395 99.7685
2396 100.3693
2397 99.9720
2398 99.8108
2399 99.8108
2400 67.3951
2401 95.9487
2402 95.5857
2403 98.2896
2404 98.2896
2405 97.8460
2406 97.7346
2407 96.0949
2408 95.8076
2409 95.9194
2410 96.3172
2411 96.3172
2412 96.1287
2413 96.1287
2414 95.2095
2415 94.0773
2416 87.6676
2417 87.6676
2418 85.5554
2419 83.1294
2420 91.5247
2421 91.5247
2422 91.4810
2423 89.2102
2424 91.5502
2425 105.7129
2426 89.0435
2427 91.7411
2428 91.6452
2429 93.6621
2430 95.7149
2431 98.6275
2432 98.6275
2433 98.0582
2434 97.2629
2435 98.1480
2436 98.1480
2437 99.2961
2438 100.3277
2439 101.4718
2440 101.4718
2441 100.3864
2442 100.1392
2443 100.4701
2444 99.8495
2445 99.9586
2446 86.9098
2447 81.6924
2448 72.4961
2449 72.4961
2450 60.6744
2451 60.6744
2452 88.9536
2453 90.5370
2454 126.3240
2455 106.0490
2456 106.0490
2457 101.5311
2458 91.1407
2459 91.1407
2460 93.8703
2461 93.5521
2462 89.7762
2463 89.5344
2464 88.1619
2465 88.1619
2466 89.5662
2467 91.3332
2468 93.0358
2469 97.1682
2470 98.2114
2471 99.2212
2472 99.8860
2473 99.7390
2474 94.3775
2475 94.3775
2476 92.1300
2477 95.4475
2478 98.8756
2479 101.3372
2480 125.2329
2481 129.0531
2482 120.7210
2483 111.0277
2484 111.0277
2485 112.6536
2486 112.1583
2487 112.1583
2488 108.7403
2489 99.8942
2490 99.8942
2491 101.1882
2492 100.4977
2493 99.9014
2494 99.9014
2495 99.7259
2496 99.1462
2497 100.2239
2498 86.4561
2499 86.4561
2500 82.5938
2501 78.9778
2502 77.0746
2503 77.0746
2504 85.8564
2505 91.5026
2506 91.5026
2507 93.5330
2508 95.5361
2509 97.2920
2510 98.0415
2511 99.1663
2512 100.4563
2513 99.2973
2514 99.2973
2515 96.7054
2516 95.8401
2517 95.7430
2518 95.8894
2519 97.1061
2520 97.1061
2521 97.8478
2522 98.2469
2523 98.8360
2524 97.9300
2525 97.9300
2526 96.8730
2527 96.1189
2528 91.1754
2529 91.1754
2530 89.7505
2531 85.3749
2532 83.1260
2533 82.7380
2534 82.7507
2535 82.7507
2536 84.5000
2537 86.6068
2538 86.6068
2539 88.6870
2540 89.0481
2541 89.5664
2542 89.7570
2543 89.7570
2544 89.9276
2545 90.9366
2546 91.1370
2547 89.8128
2548 88.9669
2549 87.8128
2550 85.2146
2551 85.2146
2552 85.6684
2553 88.0093
2554 89.2128
2555 89.5585
2556 92.0573
2557 95.6655
2558 97.6481
2559 97.2374
2560 98.0875
2561 98.1522
2562 97.8235
2563 96.1233
2564 97.3949
2565 97.9707
2566 97.9707
2567 98.1727
2568 98.0356
2569 98.3989
2570 97.3902
2571 97.2033
2572 97.8169
2573 97.9418
2574 98.2840
2575 98.2626
2576 98.4891
2577 99.1248
2578 99.5326
2579 99.8909
2580 100.1355
2581 100.1355
2582 100.0356
2583 100.0799
2584 101.6729
2585 102.4682
2586 99.8714
2587 99.6999
2588 99.3874
2589 99.4938
2590 98.8639
2591 98.8639
2592 98.8525
2593 98.9364
2594 98.9364
2595 98.9494
2596 99.5783
2597 99.7909
2598 99.7909
2599 99.4828
2600 99.7205
2601 99.9692
2602 99.9692
2603 100.0080
2604 100.3088
2605 100.6790
2606 100.7652
2607 100.7185
2608 100.7930
2609 100.7930
2610 100.4902
2611 100.4107
2612 100.4163
2613 100.3427
2614 100.1844
2615 99.9184
2616 100.2025
2617 99.0881
2618 98.4379
2619 97.1090
2620 96.7573
2621 95.9084
2622 93.4977
2623 92.7379
2624 92.4981
2625 91.6260
2626 89.4235
2627 88.6336
2628 88.9248
2629 89.7045
2630 88.7880
2631 92.7113
2632 94.5511
2633 97.1908
2634 98.3803
2635 98.7404
2636 102.3136
2637 103.4227
2638 103.8693
2639 103.8762
2640 103.3144
2641 103.3144
2642 100.0187
2643 95.7782
2644 93.7143
2645 100.0352
2646 77.6749
2647 84.8692
2648 80.6781
2649 77.7994
2650 77.7994
2651 77.5326
2652 78.2144
2653 78.2144
2654 79.7552
2655 82.8022
2656 83.9718
2657 86.4491
2658 86.5744
2659 87.4695
2660 88.9130
2661 88.9130
2662 88.4683
2663 87.4873
2664 86.3177
2665 84.8110
2666 83.3046
2667 84.6074
2668 86.1348
2669 90.1671
2670 90.1671
2671 90.9409
2672 92.8244
2673 99.0933
2674 98.5866
2675 98.2131
2676 100.6490
2677 100.6490
2678 99.9007
2679 97.5136
2680 97.5136
2681 96.1712
2682 94.1489
2683 92.9269
2684 91.3650
2685 87.8877
2686 87.2015
2687 89.2356
2688 78.1671
2689 76.3445
2690 76.3445
2691 66.6812
2692 97.9009
2693 112.8286
2694 112.0162
2695 106.4683
2696 101.7974
2697 110.8184
2698 111.3021
2699 98.6574
2700 101.3593
2701 102.1479
2702 103.3496
2703 105.2315
2704 101.6796
2705 106.3659
2706 103.8688
2707 103.6626
2708 105.5052
2709 105.5754
2710 104.6652
2711 104.0140
2712 103.5732
2713 103.5732
2714 92.8299
2715 75.4601
2716 76.2254
2717 77.6965
2718 80.5756
2719 108.5097
2720 107.8926
2721 107.6340
2722 106.9533
2723 109.6290
2724 110.0023
2725 111.1186
2726 111.1186
2727 111.4589
2728 111.3087
2729 109.9966
2730 105.9502
2731 104.1467
2732 101.7689
2733 100.2115
2734 100.2115
2735 101.1641
2736 102.9852
2737 105.3664
2738 105.3664
2739 105.2756
2740 102.9699
2741 98.8332
2742 98.8332
2743 97.7291
2744 95.3501
2745 96.5395
2746 94.8736
2747 93.7329
2748 93.7841
2749 93.4496
2750 93.8060
2751 94.8487
2752 94.7441
2753 95.7695
2754 95.4172
2755 93.7188
2756 92.3306
2757 92.3306
2758 91.0792
2759 88.9970
2760 87.4574
2761 89.6266
2762 90.4768
2763 90.4768
2764 91.9785
2765 92.6063
2766 94.7308
2767 95.3340
2768 95.8667
2769 95.9039
2770 95.9711
2771 93.7139
2772 85.3357
2773 85.8256
2774 104.7125
2775 109.5879
2776 113.4897
2777 116.0217
2778 124.6906
2779 124.9577
2780 124.5905
2781 122.5630
2782 121.3381
2783 116.2799
2784 87.1609
2785 86.0449
2786 85.1241
2787 85.1241
2788 86.4585
2789 87.1188
2790 88.9949
2791 90.7336
2792 90.7392
2793 91.9463
2794 94.5878
2795 96.4824
2796 98.0993
2797 99.1420
2798 100.4178
2799 100.4178
2800 100.9639
2801 100.9639
2802 102.3987
2803 103.1536
2804 102.9472
2805 102.1824
2806 101.6838
2807 101.7250
2808 100.9182
2809 100.3897
2810 101.5091
2811 103.0862
2812 102.8394
2813 101.5755
2814 100.1010
2815 100.5403
2816 100.4536
2817 100.8438
2818 101.2870
2819 101.9477
2820 102.1915
2821 102.3363
2822 103.0431
2823 103.4383
2824 103.9263
2825 104.6704
2826 104.4023
2827 104.7383
2828 104.1623
2829 104.0657
2830 103.1906
2831 102.6513
2832 101.4566
2833 100.4633
2834 99.9234
2835 99.2899
2836 98.5320
2837 97.0694
2838 96.2822
2839 95.6610
2840 94.4799
2841 94.2915
2842 93.7581
2843 92.5160
2844 92.1417
2845 91.1965
2846 90.5547
2847 90.1084
2848 88.5929
2849 87.7449
2850 87.2214
2851 85.7298
2852 84.6618
2853 83.1488
2854 82.3304
2855 81.4613
2856 80.0684
2857 79.6764
2858 79.4783
2859 79.2635
2860 79.5857
2861 79.5857
2862 81.6448
2863 82.8345
2864 85.2990
2865 85.8613
2866 87.2136
2867 88.2169
2868 88.5512
2869 89.3365
2870 89.9942
2871 90.3106
2872 91.4069
2873 91.8645
2874 92.0669
2875 92.8857
2876 94.3364
2877 95.4934
2878 95.4934
2879 97.6677
2880 99.2428
2881 99.5034
2882 100.3552
2883 101.8447
2884 101.9716
2885 101.5837
2886 101.5837
2887 101.1350
2888 100.4259
2889 99.4547
2890 99.4547
2891 97.4370
2892 95.8462
2893 95.3537
2894 94.7290
2895 94.7290
2896 93.8839
2897 93.5769
2898 93.3967
2899 93.2770
2900 93.0807
2901 93.2224
2902 93.8572
2903 94.1718
2904 94.5147
2905 94.5410
2906 95.1142
2907 95.5711
2908 95.7164
2909 95.1661
2910 94.7949
2911 94.2899
2912 91.3145
2913 91.3145
2914 87.9615
2915 87.2260
2916 86.2047
2917 85.1318
2918 85.4268
2919 85.8766
2920 88.0982
2921 89.2220
2922 90.2276
2923 91.7246
2924 92.3667
2925 92.3667
2926 93.0946
2927 93.1537
2928 92.6318
2929 92.6385
2930 92.5476
2931 91.1583
2932 89.0790
2933 89.0790
2934 87.0285
2935 86.8423
2936 84.2024
2937 83.3457
2938 78.9005
2939 73.1471
2940 107.4847
2941 103.8019
2942 103.8019
2943 102.0552
2944 104.5800
2945 104.3371
2946 102.2374
2947 102.2374
2948 95.9618
2949 95.9618
2950 92.6238
2951 90.0897
2952 77.3774
2953 81.4191
2954 80.3485
2955 79.5557
2956 79.6572
2957 81.2714
2958 81.2714
2959 85.7579
2960 89.1241
2961 91.1741
2962 90.5624
2963 92.5431
2964 92.6025
2965 92.1770
2966 90.2567
2967 87.8370
2968 87.8370
2969 83.9383
2970 83.4263
2971 86.2085
2972 86.2731
2973 86.6698
2974 87.5736
2975 86.6177
2976 87.4193
2977 88.1232
2978 88.1759
2979 89.4744
2980 90.0157
2981 89.3652
2982 88.7139
2983 88.7139
2984 88.6669
2985 89.2869
2986 90.2883
2987 91.2484
2988 91.5216
2989 91.5271
2990 91.4211
2991 91.1370
2992 90.0183
2993 89.2221
2994 89.2221
2995 88.0759
2996 87.1866
2997 87.3676
2998 87.7892
2999 87.8092
3000 89.8464
3001 92.3882
3002 93.9490
3003 93.9725
3004 94.5905
3005 96.7023
3006 97.9480
3007 98.3795
3008 98.6311
3009 98.9318
3010 99.8039
3011 100.0616
3012 100.3683
3013 100.6973
3014 101.3352
3015 101.3352
3016 102.8399
3017 101.9220
3018 103.7321
3019 102.4303
3020 102.4303
3021 103.2091
3022 103.2478
3023 102.5835
3024 102.3572
3025 102.1034
3026 102.0198
3027 101.8970
3028 101.6439
3029 101.3435
3030 101.4910
3031 101.1435
3032 100.7506
3033 100.6064
3034 100.3927
3035 100.3146
3036 99.6898
3037 98.5038
3038 97.7009
3039 96.9567
3040 93.9835
3041 92.3685
3042 91.3196
3043 90.8645
3044 90.5110
3045 90.4565
3046 90.9645
3047 93.0681
3048 93.3789
3049 94.5213
3050 95.3533
3051 94.8860
3052 94.8374
3053 94.5761
3054 94.4912
3055 94.4615
3056 94.5238
3057 94.6344
3058 94.5942
3059 94.7530
3060 94.9561
3061 95.0954
3062 95.4646
3063 95.7262
3064 96.0955
3065 95.6827
3066 95.6675
3067 94.4871
3068 92.8998
3069 92.2120
3070 91.5699
3071 91.5963
3072 92.6427
3073 92.2132
3074 92.8640
3075 94.0311
3076 94.0311
3077 94.1318
3078 95.2289
3079 96.8536
3080 97.9378
3081 97.9539
3082 97.6747
3083 96.4757
3084 95.0980
3085 93.5039
3086 93.5039
3087 89.8503
3088 92.8283
3089 81.8254
3090 81.0303
3091 81.0303
3092 80.9074
3093 82.0358
3094 83.5376
3095 84.3694
3096 83.9382
3097 81.3815
3098 80.2488
3099 80.2488
3100 78.5198
3101 76.7376
3102 76.7376
3103 74.0222
3104 71.8912
3105 71.8354
3106 67.6043
3107 67.4722
3108 67.2624
3109 66.6904
3110 66.3478
3111 66.3928
3112 66.9880
3113 66.9880
3114 67.3433
3115 64.8467
3116 65.5329
3117 66.8625
3118 64.8664
3119 64.3450
3120 64.3450
3121 62.6282
3122 62.2502
3123 62.3903
3124 61.5355
3125 59.4687
3126 58.4249
3127 58.1675
3128 58.0769
3129 57.9532
3130 58.5335
3131 59.3336
3132 60.1131
3133 61.4063
3134 63.2277
3135 63.2277
3136 78.4895
3137 77.6994
3138 77.3707
3139 77.3707
3140 79.0556
3141 76.4301
3142 78.3322
3143 82.1342
3144 75.1243
3145 67.8345
3146 70.6925
3147 67.4199
3148 66.5693
3149 66.0691
3150 65.9777
3151 65.8854
3152 68.6722
3153 68.7046
3154 69.5323
3155 71.4121
3156 77.3462
3157 90.4053
3158 86.2929
3159 86.0356
3160 83.8634
3161 82.6273
3162 81.4881
3163 81.7183
3164 82.1011
3165 83.1250
3166 83.8606
3167 86.1256
3168 89.8972
3169 91.8190
3170 94.1929
3171 94.0278
3172 94.5230
3173 94.4245
3174 94.5704
3175 93.5999
3176 92.9875
3177 92.5877
3178 92.4573
3179 92.5545
3180 93.5734
3181 94.6707
3182 96.3907
3183 96.3907
3184 98.3065
3185 99.5685
3186 100.8587
3187 101.9739
3188 101.9739
3189 105.4681
3190 104.9924
3191 104.8598
3192 108.3968
3193 105.6756
3194 104.0488
3195 104.1412
3196 104.0531
3197 104.0531
3198 106.1209
3199 106.1209
3200 106.0333
3201 107.8321
3202 105.1058
3203 108.3191
3204 111.2987
3205 111.2987
3206 106.3378
3207 104.3868
3208 110.1533
3209 109.6293
3210 109.4133
3211 109.9156
3212 107.8542
3213 104.2605
3214 104.2605
3215 104.1463
3216 103.8635
3217 103.8635
3218 103.4413
3219 103.0028
3220 102.8542
3221 101.8885
3222 100.1126
3223 99.4602
3224 98.5587
3225 96.7122
3226 96.4575
3227 96.6872
3228 96.8942
3229 95.4699
3230 96.7081
3231 97.5536
3232 98.4571
3233 97.9631
3234 98.4486
3235 99.1452
3236 99.6151
3237 99.6658
3238 100.1871
3239 100.5153
3240 59.1105
3241 60.2602
3242 62.5053
3243 64.0975
3244 68.2993
3245 70.3582
3246 70.3582
3247 78.1752
3248 79.8519
3249 77.6293
3250 84.3787
3251 85.7466
3252 86.0076
3253 86.3789
3254 85.7384
3255 85.7384
3256 85.3665
3257 85.6069
3258 85.6708
3259 85.7419
3260 87.6598
3261 87.3414
3262 87.5962
3263 87.8575
3264 88.1642
3265 88.1642
3266 88.6504
3267 88.4940
3268 87.3507
3269 87.9771
3270 87.3920
3271 87.5672
3272 87.5672
3273 87.5773
3274 88.1043
3275 88.4099
3276 89.4003
3277 90.5668
3278 90.9285
3279 91.3788
3280 91.0701
3281 90.4601
3282 89.6584
3283 90.1936
3284 89.7247
3285 89.2950
3286 88.3284
3287 89.3959
3288 89.1292
3289 89.2248
3290 89.0819
3291 88.8856
3292 88.3847
3293 88.3847
3294 87.9264
3295 87.2453
3296 86.0711
3297 85.2336
3298 84.3396
3299 84.9548
3300 85.5660
3301 86.1848
3302 87.4720
3303 90.4831
3304 90.4831
3305 91.3786
3306 92.2246
3307 95.1164
3308 96.5699
3309 96.5699
3310 97.5003
3311 97.5839
3312 98.3007
3313 98.3007
3314 97.7899
3315 96.5349
3316 95.0127
3317 92.4548
3318 92.4548
3319 91.6945
3320 92.0560
3321 89.8114
3322 88.9407
3323 87.8838
3324 88.8528
3325 88.2830
3326 87.6250
3327 87.0363
3328 87.0363
3329 86.5953
3330 87.3447
3331 87.3447
3332 86.2151
3333 83.3706
3334 78.2929
3335 78.0846
3336 78.3764
3337 78.8893
3338 82.5675
3339 82.5675
3340 85.3771
3341 85.3771
3342 88.8666
3343 93.0250
3344 95.8222
3345 95.8222
3346 98.6765
3347 100.0811
3348 99.3505
3349 99.3505
3350 99.7358
3351 99.6611
3352 99.7952
3353 99.9516
3354 99.9516
3355 100.0064
3356 99.5341
3357 99.3332
3358 98.8376
3359 97.5602
3360 97.2086
3361 96.7885
3362 95.5814
3363 94.3649
3364 90.2789
3365 88.8113
3366 87.0579
3367 84.5600
3368 81.5311
3369 79.0514
3370 77.7556
3371 75.1715
3372 72.6096
3373 71.8672
3374 71.6360
3375 71.6940
3376 64.8748
3377 77.5984
3378 77.5984
3379 70.4938
3380 75.7957
3381 77.8583
3382 78.3187
3383 78.2712
3384 75.9045
3385 78.2761
3386 76.6261
3387 76.6261
3388 75.4178
3389 72.2121
3390 69.7701
3391 68.0858
3392 67.3172
3393 66.0517
3394 65.8098
3395 65.4125
3396 64.7853
3397 64.1724
3398 63.5942
3399 63.5942
3400 63.5334
3401 63.9278
3402 64.7203
3403 64.8971
3404 65.1114
3405 65.7252
3406 67.8772
3407 67.8772
3408 68.5546
3409 70.5473
3410 74.2277
3411 81.0114
3412 100.6147
3413 86.6053
3414 89.7811
3415 90.4661
3416 94.1452
3417 95.7447
3418 96.7916
3419 97.7701
3420 99.9308
3421 100.4280
3422 102.5990
3423 103.2549
3424 103.0559
3425 103.8242
3426 103.9311
3427 103.9311
3428 105.2877
3429 102.2949
3430 103.9655
3431 109.7456
3432 104.5799
3433 104.6030
3434 104.1189
3435 104.0079
3436 107.3214
3437 107.3214
3438 101.7361
3439 102.9162
3440 103.4184
3441 103.5302
3442 103.6537
3443 103.1529
3444 102.9702
3445 103.5406
3446 103.9676
3447 105.0797
3448 106.5101
3449 103.2626
3450 103.4681
3451 103.5740
3452 103.5740
3453 103.9772
3454 104.2238
3455 104.3634
3456 104.3471
3457 104.5056
3458 104.6745
3459 104.7457
3460 104.9007
3461 105.0008
3462 105.2611
3463 105.3309
3464 110.8198
3465 108.2764
3466 109.8711
3467 109.8515
3468 108.0932
3469 108.1414
3470 110.4664
3471 107.8296
3472 108.3901
3473 110.2381
3474 105.8884
3475 108.9960
3476 110.4501
3477 108.8657
3478 110.2478
3479 110.2478
3480 106.3028
3481 104.2347
3482 102.5956
3483 105.6537
3484 105.6537
3485 104.7598
3486 102.0532
3487 103.3457
3488 100.7453
3489 100.7453
3490 101.2361
3491 101.6431
3492 101.6431
3493 101.8681
3494 102.6572
3495 104.7913
3496 103.7594
3497 104.8878
3498 106.4452
3499 106.4452
3500 108.2931
3501 106.7762
3502 106.9992
3503 107.8860
3504 108.1659
3505 105.4705
3506 105.1739
3507 104.7043
3508 104.3180
3509 109.3906
3510 103.9749
3511 103.9749
3512 103.9244
3513 103.8144
3514 103.8144
3515 104.0695
3516 103.2982
3517 103.2584
3518 102.1746
3519 101.6532
3520 101.5201
3521 100.1907
3522 100.1732
3523 100.6591
3524 101.1754
3525 101.4827
3526 102.9776
3527 102.9776
3528 102.6859
3529 102.7759
3530 104.3098
3531 104.3230
3532 103.6429
3533 103.7401
3534 103.6568
3535 103.2578
3536 102.5570
3537 104.3822
3538 101.3905
3539 100.3462
3540 100.3462
3541 97.6059
3542 96.5689
3543 95.1971
3544 94.0807
3545 93.7676
3546 93.5415
3547 94.0943
3548 94.4868
3549 95.2068
3550 96.2354
3551 97.3508
3552 97.9053
3553 98.3278
3554 99.1567
3555 99.1903
3556 99.7774
3557 99.7774
3558 99.4574
3559 97.7973
3560 96.1328
3561 95.3906
3562 93.8648
3563 91.1820
3564 91.0073
3565 91.1050
3566 91.8937
3567 91.7848
3568 92.1700
3569 92.7696
3570 92.7462
3571 93.3274
3572 93.4673
3573 93.5886
3574 94.2927
3575 93.1075
3576 95.3858
3577 93.6497
3578 94.1039
3579 97.7969
3580 97.8837
3581 97.9874
3582 97.2208
3583 100.8602
3584 100.2537
3585 100.2537
3586 99.4390
3587 99.4886
3588 100.2261
3589 99.7673
3590 99.2025
3591 98.2991
3592 96.2823
3593 92.7849
3594 90.6662
3595 81.9285
3596 81.2434
3597 84.3750
3598 83.4059
3599 82.7148
3600 82.3132
3601 82.0843
3602 82.6879
3603 82.6879
3604 83.5534
3605 84.9276
3606 85.4649
3607 84.9662
3608 84.0959
3609 83.3437
3610 81.6200
3611 78.3801
3612 76.9344
3613 75.2872
3614 75.3624
3615 76.4156
3616 77.6291
3617 102.7301
3618 105.0807
3619 105.7221
3620 105.0638
3621 105.6864
3622 103.8989
3623 101.3034
3624 104.8471
3625 104.3623
3626 103.7346
3627 102.7726
3628 102.2323
3629 101.5938
3630 100.8293
3631 100.8802
3632 101.2056
3633 101.0884
3634 101.0884
3635 100.6240
3636 100.5510
3637 100.4386
3638 100.2275
3639 100.0275
3640 99.8876
3641 99.7659
3642 99.5699
3643 103.4342
3644 103.2376
3645 102.3116
3646 103.4305
3647 102.7003
3648 102.7003
3649 99.5854
3650 102.0971
3651 101.8933
3652 102.5638
3653 101.2207
3654 100.0752
3655 101.6008
3656 99.5023
3657 98.1374
3658 98.3982
3659 98.3982
3660 98.7747
3661 99.3915
3662 99.5473
3663 99.6959
3664 100.2093
3665 100.4855
3666 100.6042
3667 100.9256
3668 101.3607
3669 101.3607
3670 102.9242
3671 103.8467
3672 101.8547
3673 103.2312
3674 106.7298
3675 102.7449
3676 102.5852
3677 102.5852
3678 102.3018
3679 101.9365
3680 101.1000
3681 101.0065
3682 101.4448
3683 101.2685
3684 101.3447
3685 105.2625
3686 104.0553
3687 104.0184
3688 103.3195
3689 103.5461
3690 103.9278
3691 105.0746
3692 105.0746
3693 106.5441
3694 108.3693
3695 109.3862
3696 110.8694
3697 111.6819
3698 110.3666
3699 111.5737
3700 110.9179
3701 110.3441
3702 108.8811
3703 108.4156
3704 107.9807
3705 104.3158
3706 105.2118
3707 104.2454
3708 103.3533
3709 102.5705
3710 103.4152
3711 102.4348
3712 102.0349
3713 101.4436
3714 99.2713
3715 98.6086
3716 97.8263
3717 98.1098
3718 97.9889
3719 97.8943
3720 96.7533
3721 96.3663
3722 98.2587
3723 97.8055
3724 98.0819
3725 101.1056
3726 99.9613
3727 99.2604
3728 98.5412
3729 98.6430
3730 99.5063
3731 99.5063
3732 99.7954
3733 99.9050
3734 100.2892
3735 100.8059
3736 102.6821
3737 103.0676
3738 106.2138
3739 104.6077
3740 105.1882
3741 101.3813
3742 102.1246
3743 97.7687
3744 98.8379
3745 97.6335
3746 97.8533
3747 98.3526
3748 99.4069
3749 101.8942
3750 101.8942
3751 103.7977
3752 106.1774
3753 106.5405
3754 104.5222
3755 106.8287
3756 104.7219
3757 107.2884
3758 109.4019
3759 107.1697
3760 104.6398
3761 106.1991
3762 106.8062
3763 105.3883
3764 110.7848
3765 106.7431
3766 112.3171
3767 111.4714
3768 107.8440
3769 107.9752
3770 108.7991
3771 106.7403
3772 107.0580
3773 107.0580
3774 105.1208
3775 107.7121
3776 105.5630
3777 102.8978
3778 104.7350
3779 108.6215
3780 105.1040
3781 106.2231
3782 106.2231
3783 106.7038
3784 104.7279
3785 104.3143
3786 101.4703
3787 101.4703
3788 101.0654
3789 100.4353
3790 100.7288
3791 105.1526
3792 102.1529
3793 98.5091
3794 99.2708
3795 99.8584
3796 103.6624
3797 100.6595
3798 102.9916
3799 103.4038
3800 103.4038
3801 102.8574
3802 108.1811
3803 103.7952
3804 104.2956
3805 104.6046
3806 104.7448
3807 105.9549
3808 102.1574
3809 102.0695
3810 101.7029
3811 100.6801
3812 99.0781
3813 84.8892
3814 84.2601
3815 83.3219
3816 81.8319
3817 80.6199
3818 81.5569
3819 81.7032
3820 81.8925
3821 82.2799
3822 82.7679
3823 83.7914
3824 87.4314
3825 88.8600
3826 90.4559
3827 93.6007
3828 94.7961
3829 96.2288
3830 97.9443
3831 103.5538
3832 100.1233
3833 100.4060
3834 105.1228
3835 106.3103
3836 101.1820
3837 106.7328
3838 106.7328
3839 108.2481
3840 102.2628
3841 102.9005
3842 108.2010
3843 108.2010
3844 105.8070
3845 106.0516
3846 107.7077
3847 107.9841
3848 107.9841
3849 108.5546
3850 108.1724
3851 108.8619
3852 105.1648
3853 105.1648
3854 105.2972
3855 105.3247
3856 105.2024
3857 105.2024
3858 105.0381
3859 104.7769
3860 104.2567
3861 103.8655
3862 103.8655
3863 103.4893
3864 107.0974
3865 109.4712
3866 103.3026
3867 105.4162
3868 103.4489
3869 103.6241
3870 103.5991
3871 103.5991
3872 103.8381
3873 103.6489
3874 103.3979
3875 101.9902
3876 101.4114
3877 101.0872
3878 102.8987
3879 97.3231
3880 97.4628
3881 100.0601
3882 95.7292
3883 95.8855
3884 94.9005
3885 101.9275
3886 101.0687
3887 101.3531
3888 98.6756
3889 98.7973
3890 99.1298
3891 99.3814
3892 99.6322
3893 101.3967
3894 102.2188
3895 102.2188
3896 102.8075
3897 102.7785
3898 103.9271
3899 104.7528
3900 102.9815
3901 102.7303
3902 102.0101
3903 99.7010
3904 98.7394
3905 67.8771
3906 65.1479
3907 62.1047
3908 61.7127
3909 62.0044
3910 62.7841
3911 61.4200
3912 62.0836
3913 61.8215
3914 76.7437
3915 76.7437
3916 87.2938
3917 95.9352
3918 107.9789
3919 109.1708
3920 113.9857
3921 116.2214
3922 114.9428
3923 114.9428
3924 114.9942
3925 116.7106
3926 116.7106
3927 80.5117
3928 80.7118
3929 102.5838
3930 99.0870
3931 101.3307
3932 95.7087
3933 100.6298
3934 110.1351
3935 110.1351
3936 102.8209
3937 98.7247
3938 101.0762
3939 101.4559
3940 101.2153
3941 101.2153
3942 98.7769
3943 92.1404
3944 91.5410
3945 91.5410
3946 91.1464
3947 90.5845
3948 91.3444
3949 91.3444
3950 91.6688
3951 92.0898
3952 92.0078
3953 92.5628
3954 93.2023
3955 93.4846
3956 92.5948
3957 92.1075
3958 91.3778
3959 92.1811
3960 92.1811
3961 93.2842
3962 94.5401
3963 95.9106
3964 98.5550
3965 100.8740
3966 101.1366
3967 102.9869
3968 103.2944
3969 103.2944
3970 103.3026
3971 101.9944
3972 101.2451
3973 99.6216
3974 95.4204
3975 95.4204
3976 95.5677
3977 95.7187
3978 95.7775
3979 95.8537
3980 95.5144
3981 95.5144
3982 95.4436
3983 96.3325
3984 96.1966
3985 97.1626
3986 97.6927
3987 96.3769
3988 96.3769
3989 93.3976
3990 93.2099
3991 91.7678
3992 91.7678
3993 91.5917
3994 91.0727
3995 93.0793
3996 91.9239
3997 92.2459
3998 92.9702
3999 92.0205
4000 93.6312
4001 94.0755
4002 96.4966
4003 96.2719
4004 94.0581
4005 96.0151
4006 95.3419
4007 95.5591
4008 95.8962
4009 95.8962
4010 96.9572
4011 97.4476
4012 98.5040
4013 99.7130
4014 99.7130
4015 100.3263
4016 100.4758
4017 100.4758
4018 101.0638
4019 100.4759
4020 100.5163
4021 102.6251
4022 101.7472
4023 100.5079
4024 101.6496
4025 101.6496
4026 100.9695
4027 101.5835
4028 101.7755
4029 101.1301
4030 99.4213
4031 99.4213
4032 96.8013
4033 94.0727
4034 94.9245
4035 94.9245
4036 94.9741
4037 94.9561
4038 94.8533
4039 98.3697
4040 98.3697
4041 99.6664
4042 99.9376
4043 98.7697
4044 98.1749
4045 98.1749
4046 97.2942
4047 96.1904
4048 95.3983
4049 95.3983
4050 95.9922
4051 96.7380
4052 98.9541
4053 98.9541
4054 100.1215
4055 101.3171
4056 101.7269
4057 103.1438
4058 103.1438
4059 103.3559
4060 102.3974
4061 102.5818
4062 102.5818
4063 103.5145
4064 103.4966
4065 103.7928
4066 102.8717
4067 102.1908
4068 101.8111
4069 101.1078
4070 100.7992
4071 100.7992
4072 100.1605
4073 101.0986
4074 99.8959
4075 102.1460
4076 102.9414
4077 105.1638
4078 104.9568
4079 104.8965
4080 105.8217
4081 104.5507
4082 113.9438
4083 113.4533
4084 108.2315
4085 107.3160
4086 107.3160
4087 106.7274
4088 105.8479
4089 105.5692
4090 104.7216
4091 105.9267
4092 105.3249
4093 105.3249
4094 104.6972
4095 95.9095
4096 94.6426
4097 93.3078
4098 93.3078
4099 89.9200
4100 85.2124
4101 84.1195
4102 84.1195
4103 84.8847
4104 85.6457
4105 88.6089
4106 88.6089
4107 90.0150
4108 90.6723
4109 93.5756
4110 94.3935
4111 94.8471
4112 91.7045
4113 91.8509
4114 88.8002
4115 88.2390
4116 86.9260
4117 86.5045
4118 85.2921
4119 87.0626
4120 86.9895
4121 87.2375
4122 86.4177
4123 86.1602
4124 89.1883
4125 89.1883
4126 89.4574
4127 89.1435
4128 88.6521
4129 86.0486
4130 83.1912
4131 89.3713
4132 89.3713
4133 95.5414
4134 96.1951
4135 95.5211
4136 95.2512
4137 95.2512
4138 94.3245
4139 97.3063
4140 102.8318
4141 102.7732
4142 100.3914
4143 97.1727
4144 97.1727
4145 96.3189
4146 95.7284
4147 94.0896
4148 93.8925
4149 93.1502
4150 91.8758
4151 89.5104
4152 88.9196
4153 90.6446
4154 89.9628
4155 89.9628
4156 90.8931
4157 90.6550
4158 89.8189
4159 92.3640
4160 93.6294
4161 93.0629
4162 93.8503
4163 94.8648
4164 95.1021
4165 95.4195
4166 94.7723
4167 94.7723
4168 94.3356
4169 93.0872
4170 90.8873
4171 90.1322
4172 89.5478
4173 89.3203
4174 89.6311
4175 89.6311
4176 89.5949
4177 89.9076
4178 92.5576
4179 91.4534
4180 91.4534
4181 90.2486
4182 88.9176
4183 85.6995
4184 85.0932
4185 85.0932
4186 86.3450
4187 86.0781
4188 85.9005
4189 85.9077
4190 85.3069
4191 85.3069
4192 85.5159
4193 84.7681
4194 84.6148
4195 84.6382
4196 84.4462
4197 84.3886
4198 84.6468
4199 84.9938
4200 83.0726
4201 83.6600
4202 83.6325
4203 83.4077
4204 82.0532
4205 80.9153
4206 80.9153
4207 80.6362
4208 81.9601
4209 83.0182
4210 90.2008
4211 96.8236
4212 96.0993
4213 96.0993
4214 94.8849
4215 94.3927
4216 89.6502
4217 89.6502
4218 89.5479
4219 88.6227
4220 88.0519
4221 87.8860
4222 89.5095
4223 89.1835
4224 87.8733
4225 87.0769
4226 86.0885
4227 85.8578
4228 84.6145
4229 83.9556
4230 83.4900
4231 82.9869
4232 83.1504
4233 83.1504
4234 83.7337
4235 83.9698
4236 84.3034
4237 85.9799
4238 86.2123
4239 86.2123
4240 87.3924
4241 88.8878
4242 88.8878
4243 89.5298
4244 89.4421
4245 89.4677
4246 89.5979
4247 89.6456
4248 89.5807
4249 89.2395
4250 88.0982
4251 88.7501
4252 88.2638
4253 88.2010
4254 89.3152
4255 89.1858
4256 89.1966
4257 89.3318
4258 88.9585
4259 89.6906
4260 89.2911
4261 89.1937
4262 90.0283
4263 89.1999
4264 88.4082
4265 87.3153
4266 86.6236
4267 86.3765
4268 88.3551
4269 87.1660
4270 87.5825
4271 86.9389
4272 86.6909
4273 86.5903
4274 85.9827
4275 86.0306
4276 86.0937
4277 85.3801
4278 85.1074
4279 85.2233
4280 86.2971
4281 88.0212
4282 89.4754
4283 91.2341
4284 91.5371
4285 91.5509
4286 91.4190
4287 91.2494
4288 90.8803
4289 90.4918
4290 89.9917
4291 88.0431
4292 86.3057
4293 85.2346
4294 84.8899
4295 84.5965
4296 84.1678
4297 83.8229
4298 83.8229
4299 83.9442
4300 83.4951
4301 83.2652
4302 83.1257
4303 83.1979
4304 83.1979
4305 83.6850
4306 83.5312
4307 83.8686
4308 85.1396
4309 85.6599
4310 85.6599
4311 87.2152
4312 87.3756
4313 87.3756
4314 87.2579
4315 87.2327
4316 87.5192
4317 87.9840
4318 88.1590
4319 86.9727
4320 86.2583
4321 86.1440
4322 86.8681
4323 86.8681
4324 89.1006
4325 89.8265
4326 90.4444
4327 91.0648
4328 92.7660
4329 93.4288
4330 93.4288
4331 92.3486
4332 90.8269
4333 89.9541
4334 88.8587
4335 88.3800
4336 88.3800
4337 86.9683
4338 85.8521
4339 85.8521
4340 84.7985
4341 86.2333
4342 85.6150
4343 85.3704
4344 85.7086
4345 86.5857
4346 86.6306
4347 88.0000
4348 87.8328
4349 88.2176
4350 88.8304
4351 88.5917
4352 88.1483
4353 88.4714
4354 88.2785
4355 88.3868
4356 87.7400
4357 87.3097
4358 87.3097
4359 87.4679
4360 88.6501
4361 89.1457
4362 89.4165
4363 90.2474
4364 91.5127
4365 91.5127
4366 91.0532
4367 90.1242
4368 89.3851
4369 89.0637
4370 88.5077
4371 88.4721
4372 88.4171
4373 88.4341
4374 88.1039
4375 87.9378
4376 88.2766
4377 88.9503
4378 87.5118
4379 86.9060
4380 86.7473
4381 86.7406
4382 86.7835
4383 84.1766
4384 84.1766
4385 84.1045
4386 84.4815
4387 84.9754
4388 88.1197
4389 87.8761
4390 89.0866
4391 89.7384
4392 91.2745
4393 92.6354
4394 93.0708
4395 94.0308
4396 94.0308
4397 93.8254
4398 93.1857
4399 93.0947
4400 92.4533
4401 92.5929
4402 91.6427
4403 90.4640
4404 90.4640
4405 90.0464
4406 90.2087
4407 89.8641
4408 89.8641
4409 90.2523
4410 89.7574
4411 91.0293
4412 90.1102
4413 89.8781
4414 88.6760
4415 88.5994
4416 87.2872
4417 87.1103
4418 88.3577
4419 87.9959
4420 87.6586
4421 87.5516
4422 87.5516
4423 87.2975
4424 87.2058
4425 86.4472
4426 86.0727
4427 86.0667
4428 86.1290
4429 84.6616
4430 84.6616
4431 84.4050
4432 83.6187
4433 84.0970
4434 84.3689
4435 85.0532
4436 85.0292
4437 85.6200
4438 86.5541
4439 89.9499
4440 89.9499
4441 91.8408
4442 93.8008
4443 93.8008
4444 94.0991
4445 94.7102
4446 96.4099
4447 96.4971
4448 95.9153
4449 94.8152
4450 94.2588
4451 91.1713
4452 89.8655
4453 89.8655
4454 88.3041
4455 87.2918
4456 86.9876
4457 87.5845
4458 87.0365
4459 86.1325
4460 85.9627
4461 85.9627
4462 85.2888
4463 84.9235
4464 85.2803
4465 85.2803
4466 83.8551
4467 83.5677
4468 84.2556
4469 83.3621
4470 83.6075
4471 84.0939
4472 84.9355
4473 84.0060
4474 84.9069
4475 85.4410
4476 85.8472
4477 86.8621
4478 87.5235
4479 88.0417
4480 89.0689
4481 89.3882
4482 90.3344
4483 90.9048
4484 91.8804
4485 91.8876
4486 90.5216
4487 89.9909
4488 89.9160
4489 90.6058
4490 87.9379
4491 87.9379
4492 87.6716
4493 86.9045
4494 86.4695
4495 86.4695
4496 86.0756
4497 85.1175
4498 84.3073
4499 84.3073
4500 84.2013
4501 84.0062
4502 84.0832
4503 84.6651
4504 86.0588
4505 86.3377
4506 88.2676
4507 88.2676
4508 89.4090
4509 90.1025
4510 90.1025
4511 88.5961
4512 88.7852
4513 89.8359
4514 89.0256
4515 89.0256
4516 88.7988
4517 88.8995
4518 90.8602
4519 89.2448
4520 89.8663
4521 90.3949
4522 90.1238
4523 90.0651
4524 90.7796
4525 90.5677
4526 90.2250
4527 90.3996
4528 92.1082
4529 92.8238
4530 95.0078
4531 96.7721
4532 98.4272
4533 99.8717
4534 100.1367
4535 101.5653
4536 100.6231
4537 101.7272
4538 101.7587
4539 101.6806
4540 104.2890
4541 105.3675
4542 111.1783
4543 96.2439
4544 93.6636
4545 93.6636
4546 96.6539
4547 104.2441
4548 96.5072
4549 96.5072
4550 93.8405
4551 93.6257
4552 95.9720
4553 95.9720
4554 99.8214
4555 100.4954
4556 101.0652
4557 101.0652
4558 101.7472
4559 102.2854
4560 101.9972
4561 101.9972
4562 100.2811
4563 98.4386
4564 96.9003
4565 95.7639
4566 94.8010
4567 94.4314
4568 93.9889
4569 93.8191
4570 93.8191
4571 93.5480
4572 93.5480
4573 93.0570
4574 93.0331
4575 93.8359
4576 97.2555
4577 98.1397
4578 98.1397
4579 102.1667
4580 102.1667
4581 102.7726
4582 100.8728
4583 100.3378
4584 99.7185
4585 99.1940
4586 97.8132
4587 96.5734
4588 94.3831
4589 93.4351
4590 90.5104
4591 91.2333
4592 89.9800
4593 88.9006
4594 88.9006
4595 88.3254
4596 86.1961
4597 86.5755
4598 86.4350
4599 85.8337
4600 85.5725
4601 85.7031
4602 85.3258
4603 86.0298
4604 85.9656
4605 86.2649
4606 86.3003
4607 86.3003
4608 86.8917
4609 86.2037
4610 85.5207
4611 87.8847
4612 87.5129
4613 85.3632
4614 82.5280
4615 81.8470
4616 81.8470
4617 81.5288
4618 81.6647
4619 84.6713
4620 87.1939
4621 87.9381
4622 90.0621
4623 90.4192
4624 90.4192
4625 89.2581
4626 88.5614
4627 88.5961
4628 88.4922
4629 88.4340
4630 88.0715
4631 85.7580
4632 85.7580
4633 85.1926
4634 84.0595
4635 84.0009
4636 83.5821
4637 82.3704
4638 81.8848
4639 80.3139
4640 80.3139
4641 79.8155
4642 80.1215
4643 80.0206
4644 80.1471
4645 81.2111
4646 80.6870
4647 81.2466
4648 82.2882
4649 80.4629
4650 81.7846
4651 81.7846
4652 84.2790
4653 85.2773
4654 85.2826
4655 85.2826
4656 87.5936
4657 91.1475
4658 91.6980
4659 90.0478
4660 89.4475
4661 89.0193
4662 88.5069
4663 88.0731
4664 87.9449
4665 87.5026
4666 87.5026
4667 87.4398
4668 87.2545
4669 87.1515
4670 87.2968
4671 87.0884
4672 86.5310
4673 87.4656
4674 86.6812
4675 85.9278
4676 85.9278
4677 85.0444
4678 85.5056
4679 85.4940
4680 85.1557
4681 84.6569
4682 82.9286
4683 82.5436
4684 81.8849
4685 81.7446
4686 81.7446
4687 81.4451
4688 80.7565
4689 83.5172
4690 86.3514
4691 85.9790
4692 85.9790
4693 86.0915
4694 85.5704
4695 84.7274
4696 84.7274
4697 85.0544
4698 85.3075
4699 84.3262
4700 84.5057
4701 84.5057
4702 86.2074
4703 85.6176
4704 83.9718
4705 83.9718
4706 82.3411
4707 81.9899
4708 80.1849
4709 80.6794
4710 81.7328
4711 82.1070
4712 82.1070
4713 81.7902
4714 81.5150
4715 82.7434
4716 82.4318
4717 82.2405
4718 85.6335
4719 85.6335
4720 83.9850
4721 83.5313
4722 81.8756
4723 81.0365
4724 80.7668
4725 80.4623
4726 80.4573
4727 80.4573
4728 80.0105
4729 79.8034
4730 79.2309
4731 79.1746
4732 79.5413
4733 79.7312
4734 80.0163
4735 80.3336
4736 80.6641
4737 80.8230
4738 80.6904
4739 80.3569
4740 80.3569
4741 80.4558
4742 81.1612
4743 81.7926
4744 84.2161
4745 85.1840
4746 85.5479
4747 86.3832
4748 86.6253
4749 87.3697
4750 87.3697
4751 88.1523
4752 87.0125
4753 86.9056
4754 86.9056
4755 88.8255
4756 87.2435
4757 85.9617
4758 84.9117
4759 84.5017
4760 84.5017
4761 84.6163
4762 81.4491
4763 81.4491
4764 81.3955
4765 81.3454
4766 81.9166
4767 82.6289
4768 82.8602
4769 82.8602
4770 83.6529
4771 84.5051
4772 88.6902
4773 90.6914
4774 90.6914
4775 92.4608
4776 92.9918
4777 92.9918
4778 92.2663
4779 90.7718
4780 90.1448
4781 88.1419
4782 88.1419
4783 85.6802
4784 84.9761
4785 84.5133
4786 84.6519
4787 84.6519
4788 85.8078
4789 86.8162
4790 87.2695
4791 87.2953
4792 85.7845
4793 83.5353
4794 82.8639
4795 84.1569
4796 84.1569
4797 83.9411
4798 84.2049
4799 84.6299
4800 84.2398
4801 83.6428
4802 83.2087
4803 82.7319
4804 82.4065
4805 82.4065
4806 81.7496
4807 80.8954
4808 82.7939
4809 81.9230
4810 81.4753
4811 81.4753
4812 81.8767
4813 82.2061
4814 82.7813
4815 83.4711
4816 83.4711
4817 82.4558
4818 83.3656
4819 84.2079
4820 84.1776
4821 85.2865
4822 84.6644
4823 84.4727
4824 84.7196
4825 84.9074
4826 84.9074
4827 85.1229
4828 84.5738
4829 84.5661
4830 84.5661
4831 84.9877
4832 83.8998
4833 83.6529
4834 83.4631
4835 83.5625
4836 84.1374
4837 84.5143
4838 84.5143
4839 84.5091
4840 84.5091
4841 84.7474
4842 85.1216
4843 85.3892
4844 85.9353
4845 86.4969
4846 85.9727
4847 85.5166
4848 84.0196
4849 83.8929
4850 83.4137
4851 85.1429
4852 85.6975
4853 86.4855
4854 86.3992
4855 87.6800
4856 88.1952
4857 88.1952
4858 88.5216
4859 91.2385
4860 90.4519
4861 89.2724
4862 87.7296
4863 87.7296
4864 86.1269
4865 84.9247
4866 84.7631
4867 84.7631
4868 85.9596
4869 87.5841
4870 87.1341
4871 87.1341
4872 87.4005
4873 88.1761
4874 87.0765
4875 86.9177
4876 86.1374
4877 86.7223
4878 86.7223
4879 86.5982
4880 86.1544
4881 86.1297
4882 86.1297
4883 85.9965
4884 84.0350
4885 82.3914
4886 82.3914
4887 82.3553
4888 82.3553
4889 83.8830
4890 83.8128
4891 85.5784
4892 85.8098
4893 85.8098
4894 86.1867
4895 87.0504
4896 85.6295
4897 85.5834
4898 85.2338
4899 85.0914
4900 84.8820
4901 83.8349
4902 82.8988
4903 82.9665
4904 84.0042
4905 83.7641
4906 83.7641
4907 84.9404
4908 83.5947
4909 83.0974
4910 83.3215
4911 83.3215
4912 83.2066
4913 82.3771
4914 82.0598
4915 81.8079
4916 81.3168
4917 81.3168
4918 81.4046
4919 81.4041
4920 81.4041
4921 83.5083
4922 83.6121
4923 83.6121
4924 84.5568
4925 85.5266
4926 85.3754
4927 85.4763
4928 85.4763
4929 86.7619
4930 86.4767
4931 85.8609
4932 85.2999
4933 85.2999
4934 83.4330
4935 83.1735
4936 82.5645
4937 82.2721
4938 82.0853
4939 81.8529
4940 81.7403
4941 81.5621
4942 81.9562
4943 81.6103
4944 81.1622
4945 80.8608
4946 80.4116
4947 79.5262
4948 79.5004
4949 78.8032
4950 78.7661
4951 78.6488
4952 79.0080
4953 79.1556
4954 79.8712
4955 79.8712
4956 80.0318
4957 80.2466
4958 80.2466
4959 80.6155
4960 79.6601
4961 79.5368
4962 78.5039
4963 77.9948
4964 79.3641
4965 78.4026
4966 77.7959
4967 77.7959
4968 80.1943
4969 79.9815
4970 79.5742
4971 80.1673
4972 80.0609
4973 80.0609
4974 80.1721
4975 80.2923
4976 80.9658
4977 81.1227
4978 81.1463
4979 81.1986
4980 81.0969
4981 81.2473
4982 81.4402
4983 81.4402
4984 81.4422
4985 79.0302
4986 78.3287
4987 80.0399
4988 80.0399
4989 82.3118
4990 82.3118
4991 82.1778
4992 82.4247
4993 83.5488
4994 83.8932
4995 84.2067
4996 84.8742
4997 86.3799
4998 85.7892
4999 85.2829
5000 84.3188
5001 84.6034
5002 84.1359
5003 84.6684
5004 84.6684
5005 83.5870
5006 83.5356
5007 83.4456
5008 83.4456
5009 83.5070
5010 82.2811
5011 81.7501
5012 81.3870
5013 81.0683
5014 80.5274
5015 80.2610
5016 79.6278
5017 79.3715
5018 78.2283
5019 78.0494
5020 77.8782
5021 77.8782
5022 78.6552
5023 78.6552
5024 78.8432
5025 79.0330
5026 79.7573
5027 77.5570
5028 77.0357
5029 79.4209
5030 79.1331
5031 79.1430
5032 80.0566
5033 80.0566
5034 80.6504
5035 81.7124
5036 82.7095
5037 82.7095
5038 83.6628
5039 83.6628
5040 85.0236
5041 85.8162
5042 85.9036
5043 86.1267
5044 86.4765
5045 85.7380
5046 85.7380
5047 85.3990
5048 85.9332
5049 84.1022
5050 84.1022
5051 82.4126
5052 82.1798
5053 82.0456
5054 81.8508
5055 83.4120
5056 83.4120
5057 85.7533
5058 85.7533
5059 88.8441
5060 89.7918
5061 94.4397
5062 96.1174
5063 97.0542
5064 97.7994
5065 98.8506
5066 97.8167
5067 95.9590
5068 95.6156
5069 93.8399
5070 91.7332
5071 87.6722
5072 87.6722
5073 85.6217
5074 85.2290
5075 84.4795
5076 84.6864
5077 83.9845
5078 84.2438
5079 84.4800
5080 84.5333
5081 84.5629
5082 85.8325
5083 86.1087
5084 84.9121
5085 84.0417
5086 84.0417
5087 83.8363
5088 83.8363
5089 82.8133
5090 82.2795
5091 82.3176
5092 82.3952
5093 83.0328
5094 79.4106
5095 80.7865
5096 82.0085
5097 82.8101
5098 86.3247
5099 88.1680
5100 92.1947
5101 92.1947
5102 93.9866
5103 97.6625
5104 99.3015
5105 100.3563
5106 100.0771
5107 99.9751
5108 99.0465
5109 97.6901
5110 94.5352
5111 94.5352
5112 93.3676
5113 91.0661
5114 89.3217
5115 85.9170
5116 85.6134
5117 85.5950
5118 85.6385
5119 85.6359
5120 85.6359
5121 90.5226
5122 90.5226
5123 90.5980
5124 90.5980
5125 90.5848
5126 91.6903
5127 92.7633
5128 92.8756
5129 92.9850
5130 92.9639
5131 96.4664
5132 106.5428
5133 96.8345
5134 96.5979
5135 96.5979
5136 97.5306
5137 97.5917
5138 96.2944
5139 93.7672
5140 92.8284
5141 92.5941
5142 91.5821
5143 91.5821
5144 90.3218
5145 89.6348
5146 89.3279
5147 88.7351
5148 88.4634
5149 88.1078
5150 87.9844
5151 87.6167
5152 87.6167
5153 88.3960
5154 87.4471
5155 87.8957
5156 86.7765
5157 86.7765
5158 86.3802
5159 87.4683
5160 87.4989
5161 87.2486
5162 86.7607
5163 85.8248
5164 85.2972
5165 85.2972
5166 83.0229
5167 82.3753
5168 87.0647
5169 87.4269
5170 90.2612
5171 90.2612
5172 91.9669
5173 94.1851
5174 95.3771
5175 95.3771
5176 94.8979
5177 92.7974
5178 91.3316
5179 91.1384
5180 91.1384
5181 93.7518
5182 92.9178
5183 93.3693
5184 96.4612
5185 96.4064
5186 96.5777
5187 97.3983
5188 94.9300
5189 94.6800
5190 94.6800
5191 93.4820
5192 93.8212
5193 91.8613
5194 91.8613
5195 92.1282
5196 92.1896
5197 93.9725
5198 93.1318
5199 92.7487
5200 91.0469
5201 91.0469
5202 87.7481
5203 87.4305
5204 86.9852
5205 86.6127
5206 85.2606
5207 85.8104
5208 85.8477
5209 85.3180
5210 85.6350
5211 86.4795
5212 86.4795
5213 87.4730
5214 87.3482
5215 87.3559
5216 90.0070
5217 90.0070
5218 90.0744
5219 89.6556
5220 89.7234
5221 89.9737
5222 90.3180
5223 90.6890
5224 92.3654
5225 92.5404
5226 92.8786
5227 92.3849
5228 92.0686
5229 91.5551
5230 90.5020
5231 90.6004
5232 91.6401
5233 90.8766
5234 92.8515
5235 93.3169
5236 91.7087
5237 90.2516
5238 89.3755
5239 89.4641
5240 89.9071
5241 89.9071
5242 89.8147
5243 89.8147
5244 92.0402
5245 92.0402
5246 95.7740
5247 94.6832
5248 98.0384
5249 98.4689
5250 99.6286
5251 98.0974
5252 98.3892
5253 97.3641
5254 97.5717
5255 95.5160
5256 95.5160
5257 95.3975
5258 96.7980
5259 95.4638
5260 94.0248
5261 94.0248
5262 93.7243
5263 90.8405
5264 87.7831
5265 87.7831
5266 87.8014
5267 88.6314
5268 90.2617
5269 91.8443
5270 91.8443
5271 99.9392
5272 99.9275
5273 96.8579
5274 96.8579
5275 98.9032
5276 99.8212
5277 98.1786
5278 102.4058
5279 102.6806
5280 103.2814
5281 104.0225
5282 103.1464
5283 102.2563
5284 101.4506
5285 101.4506
5286 101.4506
5287 96.8605
5288 96.6960
5289 97.1760
5290 97.1760
5291 96.5949
5292 97.0908
5293 97.2635
5294 97.2635
5295 96.3168
5296 96.6552
5297 96.7342
5298 96.5509
5299 95.7748
5300 93.5383
5301 93.5383
5302 92.6103
5303 92.3918
5304 92.2104
5305 92.0541
5306 91.8986
5307 91.5753
5308 68.3951
5309 75.6104
5310 88.6199
5311 88.0247
5312 88.7677
5313 88.9316
5314 89.3896
5315 91.0789
5316 92.1917
5317 93.1492
5318 92.5573
5319 93.2658
5320 91.0791
5321 92.6205
5322 91.4937
5323 91.4937
5324 92.0052
5325 91.8622
5326 92.2785
5327 92.3627
5328 92.3293
5329 92.9270
5330 93.2192
5331 93.4833
5332 93.6249
5333 93.7746
5334 94.2577
5335 94.5051
5336 94.9552
5337 95.6333
5338 95.6333
5339 95.7034
5340 96.1896
5341 95.9715
5342 96.3280
5343 96.3544
5344 96.4166
5345 95.9984
5346 96.6296
5347 95.5261
5348 95.7255
5349 92.5025
5350 91.9006
5351 91.9246
5352 91.9246
5353 94.2169
5354 93.7928
5355 93.5889
5356 93.2260
5357 93.2013
5358 93.2213
5359 90.7064
5360 90.7064
5361 90.4480
5362 91.2917
5363 92.5048
5364 95.6819
5365 95.6819
5366 100.3337
5367 101.4609
5368 103.3588
5369 103.1459
5370 103.7204
5371 102.4844
5372 101.4290
5373 100.4979
5374 100.1613
5375 98.8272
5376 98.1193
5377 97.6842
5378 97.6842
5379 97.6491
5380 97.6139
5381 97.2342
5382 97.2342
5383 96.5954
5384 96.2571
5385 100.2400
5386 100.2400
5387 95.8110
5388 95.1934
5389 95.4312
5390 94.2274
5391 95.5677
5392 94.6567
5393 95.6170
5394 95.3789
5395 95.5114
5396 95.5114
5397 95.7454
5398 96.5085
5399 97.5896
5400 97.9341
5401 97.8823
5402 98.7818
5403 99.5825
5404 99.3658
5405 99.7139
5406 100.5356
5407 100.7352
5408 100.9673
5409 100.9673
5410 101.1786
5411 101.3166
5412 101.5514
5413 101.9423
5414 102.9797
5415 102.9797
5416 103.9185
5417 105.0539
5418 106.0275
5419 106.0275
5420 108.4856
5421 107.0547
5422 105.2734
5423 105.2734
5424 101.8940
5425 98.9054
5426 96.2144
5427 96.2144
5428 96.2144
5429 93.1956
5430 94.3951
5431 93.6459
5432 93.9220
5433 94.5850
5434 95.9599
5435 96.6192
5436 97.1395
5437 94.3354
5438 96.6174
5439 95.4881
5440 94.4573
5441 94.6377
5442 93.3593
5443 93.3593
5444 92.7041
5445 92.3830
5446 93.9119
5447 91.5017
5448 91.6035
5449 93.2578
5450 93.2578
5451 92.0586
5452 88.5941
5453 88.2741
5454 86.6383
5455 86.3785
5456 85.6068
5457 86.0979
5458 87.1928
5459 88.4297
5460 89.0577
5461 91.0556
5462 92.9088
5463 92.6768
5464 93.9319
5465 94.4239
5466 93.9400
5467 93.6366
5468 93.9747
5469 94.3263
5470 94.3263
5471 94.5100
5472 94.6495
5473 95.2391
5474 96.2874
5475 97.2658
5476 97.0117
5477 96.8601
5478 96.8601
5479 96.7687
5480 95.1512
5481 95.1512
5482 94.0306
5483 94.0306
5484 94.1236
5485 94.1559
5486 93.8631
5487 93.8094
5488 93.8094
5489 95.5466
5490 94.5255
5491 93.4621
5492 93.7237
5493 95.9586
5494 95.2020
5495 96.9363
5496 96.6466
5497 95.2231
5498 96.1360
5499 95.0881
5500 94.1389
5501 93.8986
5502 94.1451
5503 93.7778
5504 93.4306
5505 92.9315
5506 93.0584
5507 93.5715
5508 94.1592
5509 94.3926
5510 94.7563
5511 94.8412
5512 95.5345
5513 95.6587
5514 95.9911
5515 95.6973
5516 95.7257
5517 96.2061
5518 95.1184
5519 96.3424
5520 96.3424
5521 94.6045
5522 96.6419
5523 96.2335
5524 95.9464
5525 95.6077
5526 94.1135
5527 94.1135
5528 94.0907
5529 93.9228
5530 93.4815
5531 92.7571
5532 94.1785
5533 94.1785
5534 93.8778
5535 93.4458
5536 93.5525
5537 93.1959
5538 91.2739
5539 90.8680
5540 89.9058
5541 89.1281
5542 89.2993
5543 89.1506
5544 89.9032
5545 89.9032
5546 84.9460
5547 84.3695
5548 84.4819
5549 85.0707
5550 86.4754
5551 87.4075
5552 88.5613
5553 89.7223
5554 87.9309
5555 87.9309
5556 88.1322
5557 89.8181
5558 90.1922
5559 88.9980
5560 90.7801
5561 90.7801
5562 90.5502
5563 89.9066
5564 89.8231
5565 92.3663
5566 92.7957
5567 91.3914
5568 91.5229
5569 91.5229
5570 90.0817
5571 88.2041
5572 87.6403
5573 87.6403
5574 86.9569
5575 86.9569
5576 86.1284
5577 86.8824
5578 90.4832
5579 91.7719
5580 92.4478
5581 92.4478
5582 92.9009
5583 91.7096
5584 91.8178
5585 90.9777
5586 90.5474
5587 90.2709
5588 90.3933
5589 90.5090
5590 92.3755
5591 92.1741
5592 92.0146
5593 92.2513
5594 91.9188
5595 91.6782
5596 91.2797
5597 91.8537
5598 93.1623
5599 93.1623
5600 92.9437
5601 92.2416
5602 91.5932
5603 92.7684
5604 92.4869
5605 89.9750
5606 89.9750
5607 87.9150
5608 86.2279
5609 87.9521
5610 86.3686
5611 88.2570
5612 88.2570
5613 89.6432
5614 90.2672
5615 92.3577
5616 93.2413
5617 94.5921
5618 94.7400
5619 94.7400
5620 94.3738
5621 92.3197
5622 92.8451
5623 92.8451
5624 91.6815
5625 90.3648
5626 88.2918
5627 87.5140
5628 87.6200
5629 87.0237
5630 85.6373
5631 85.8623
5632 84.0319
5633 83.0603
5634 83.0603
5635 83.0989
5636 86.0278
5637 86.0278
5638 85.8919
5639 81.8884
5640 82.3793
5641 85.4034
5642 85.4034
5643 84.2141
5644 82.8465
5645 81.3855
5646 77.8287
5647 83.3730
5648 83.3730
5649 86.6175
5650 87.0516
5651 86.0623
5652 86.5441
5653 87.1952
5654 87.9941
5655 85.6580
5656 85.2630
5657 84.9804
5658 84.1490
5659 84.2003
5660 84.7744
5661 84.8076
5662 85.7246
5663 86.6324
5664 86.6324
5665 87.2004
5666 88.6773
5667 92.0297
5668 95.2668
5669 95.1428
5670 94.9691
5671 93.3279
5672 93.8600
5673 93.8921
5674 93.3709
5675 93.1324
5676 91.5893
5677 90.9131
5678 90.6812
5679 90.7606
5680 89.9277
5681 90.6967
5682 90.2187
5683 92.1600
5684 93.3727
5685 90.4787
5686 90.7101
5687 91.1470
5688 94.5661
5689 96.5887
5690 94.3199
5691 94.3496
5692 94.3496
5693 94.6635
5694 94.6928
5695 95.7712
5696 94.9110
5697 96.6573
5698 95.6366
5699 95.6366
5700 96.3572
5701 94.2177
5702 93.7615
5703 93.8038
5704 93.8391
5705 92.8191
5706 92.6921
5707 93.8964
5708 91.8932
5709 91.8932
5710 92.7412
5711 91.9677
5712 93.2985
5713 93.2696
5714 93.2452
5715 94.2605
5716 94.7306
5717 95.5126
5718 95.5126
5719 95.5126
5720 97.4920
5721 97.4651
5722 97.0109
5723 97.2964
5724 93.9870
5725 93.3521
5726 93.6297
5727 92.8587
5728 92.8587
5729 90.9162
5730 91.9236
5731 91.8261
5732 89.6965
5733 86.4241
5734 82.8238
5735 81.9458
5736 83.4865
5737 81.3575
5738 81.3575
5739 82.5724
5740 83.7202
5741 89.7591
5742 91.4089
5743 92.0081
5744 93.2700
5745 93.5966
5746 93.7477
5747 94.8579
5748 94.0046
5749 93.2445
5750 92.9259
5751 91.4008
5752 91.5075
5753 91.4543
5754 91.1393
5755 91.0321
5756 91.0466
5757 90.3622
5758 90.2264
5759 91.8626
5760 91.8325
5761 91.8325
5762 91.9756
5763 92.2827
5764 92.2000
5765 92.5049
5766 92.5049
5767 93.6162
5768 93.6726
5769 93.4517
5770 93.4517
5771 93.0006
5772 93.1403
5773 93.0302
5774 91.3892
5775 91.4700
5776 93.4910
5777 93.2520
5778 93.6206
5779 93.6206
5780 94.7821
5781 95.3634
5782 95.5435
5783 95.7004
5784 95.8259
5785 95.5928
5786 94.9115
5787 95.3976
5788 95.3994
5789 95.3994
5790 95.9678
5791 93.9484
5792 94.1797
5793 93.5869
5794 90.7783
5795 91.0291
5796 93.5930
5797 92.7803
5798 92.1926
5799 92.1926
5800 92.3104
5801 90.0693
5802 90.2640
5803 91.1542
5804 91.6907
5805 92.4657
5806 93.5396
5807 92.5913
5808 92.3316
5809 93.8917
5810 93.6522
5811 94.2227
5812 94.3473
5813 94.5243
5814 93.8708
5815 93.8708
5816 94.1010
5817 93.9280
5818 93.6847
5819 92.6412
5820 93.6480
5821 93.5646
5822 93.1778
5823 93.0662
5824 93.4881
5825 93.4881
5826 94.1475
5827 94.7358
5828 93.2795
5829 93.4905
5830 93.4811
5831 94.0645
5832 94.0645
5833 93.5385
5834 93.3216
5835 93.2461
5836 92.8783
5837 93.7090
5838 93.8634
5839 94.1484
5840 94.3765
5841 94.8169
5842 95.9426
5843 97.4013
5844 97.2885
5845 97.9403
5846 98.4725
5847 98.4212
5848 98.4291
5849 97.9253
5850 96.5749
5851 99.4789
5852 97.8787
5853 97.4136
5854 98.3112
5855 99.3203
5856 99.8124
5857 99.7955
5858 100.5977
5859 100.8314
5860 98.9338
5861 101.1202
5862 99.0158
5863 101.5411
5864 101.3998
5865 101.3897
5866 101.3595
5867 101.6061
5868 101.4871
5869 100.7421
5870 100.3899
5871 100.3899
5872 97.1703
5873 97.7203
5874 96.1783
5875 96.6625
5876 95.0506
5877 95.0506
5878 95.6450
5879 95.6077
5880 95.6077
5881 95.7754
5882 95.9548
5883 97.2142
5884 97.4642
5885 98.0512
5886 98.4728
5887 98.4602
5888 98.4602
5889 99.4035
5890 99.3696
5891 99.7340
5892 99.4841
5893 98.9022
5894 98.2086
5895 97.5562
5896 95.7380
5897 95.4506
5898 96.0937
5899 96.4096
5900 96.0328
5901 96.0532
5902 97.0149
5903 97.2225
5904 96.9234
5905 97.0220
5906 96.8367
5907 96.9771
5908 96.6811
5909 96.3152
5910 96.3721
5911 94.9635
5912 94.0515
5913 98.2722
5914 96.5934
5915 99.2274
5916 94.0933
5917 97.9258
5918 97.9258
5919 95.9854
5920 96.0406
5921 96.3946
5922 97.1779
5923 98.4507
5924 100.3214
5925 102.4425
5926 104.3579
5927 95.0553
5928 100.4507
5929 114.1943
5930 113.9602
5931 114.1290
5932 113.0018
5933 112.8590
5934 112.5602
5935 113.4121
5936 112.4236
5937 112.8634
5938 111.9299
5939 102.0858
5940 102.0858
5941 84.8069
5942 82.1945
5943 79.6184
5944 77.8361
5945 77.8361
5946 78.5792
5947 79.7295
5948 80.1927
5949 78.7757
5950 78.1818
5951 77.4197
5952 78.1914
5953 78.6614
5954 77.9632
5955 77.7751
5956 75.4378
5957 74.3272
5958 75.5319
5959 76.3226
5960 77.2255
5961 78.3816
5962 74.5747
5963 74.5747
5964 73.9609
5965 73.3233
5966 71.9502
5967 71.9502
5968 72.4420
5969 72.4420
5970 70.0304
5971 67.7728
5972 67.7728
5973 67.7291
5974 69.0289
5975 69.6600
5976 68.5126
5977 68.7683
5978 69.7205
5979 70.3834
5980 72.8283
5981 73.5850
5982 73.3702
5983 73.0963
5984 72.3074
5985 71.3659
5986 70.6665
5987 70.3467
5988 70.6865
5989 70.9295
5990 69.1688
5991 67.5691
5992 67.5814
5993 69.3128
5994 67.2446
5995 69.9375
5996 70.2062
5997 70.4333
5998 70.9625
5999 70.3601
6000 69.5613
6001 66.8002
6002 63.9263
6003 65.2854
6004 64.3749
6005 63.7022
6006 63.9404
6007 64.1782
6008 64.2641
6009 64.5477
6010 63.7411
6011 64.0442
6012 64.4305
6013 64.8230
6014 65.3144
6015 67.3228
6016 67.3228
6017 67.8831
6018 67.8831
6019 68.0873
6020 68.4144
6021 68.5239
6022 69.7212
6023 72.9483
6024 73.7136
6025 73.9921
6026 74.5697
6027 73.9865
6028 73.9865
6029 68.7601
6030 70.0168
6031 69.3020
6032 69.3020
6033 68.0530
6034 67.4430
6035 65.9727
6036 65.9727
6037 65.9378
6038 65.6737
6039 65.0694
6040 65.6094
6041 64.5823
6042 63.9168
6043 63.9168
6044 64.0055
6045 64.3860
6046 63.8277
6047 63.9496
6048 64.3518
6049 64.7593
6050 64.9647
6051 65.9665
6052 67.3151
6053 67.2910
6054 64.5285
6055 64.2086
6056 67.8081
6057 70.0710
6058 70.4928
6059 74.4603
6060 72.9743
6061 81.6945
6062 80.9576
6063 82.8884
6064 84.0595
6065 84.0595
6066 74.7676
6067 73.1511
6068 73.1511
6069 79.5371
6070 74.1410
6071 73.0338
6072 72.4251
6073 71.7278
6074 72.6952
6075 73.7274
6076 69.5195
6077 71.5048
6078 73.1175
6079 71.1697
6080 70.1558
6081 71.0634
6082 71.0634
6083 72.5418
6084 72.6984
6085 73.4861
6086 74.7851
6087 75.9665
6088 76.8043
6089 73.8598
6090 73.8598
6091 74.9267
6092 77.3471
6093 77.5541
6094 77.7203
6095 77.7203
6096 77.5153
6097 75.2694
6098 74.2124
6099 74.2124
6100 74.6935
6101 71.6149
6102 66.7916
6103 65.4750
6104 65.4750
6105 65.1833
6106 64.7446
6107 64.7446
6108 64.4892
6109 64.3454
6110 64.7094
6111 64.4122
6112 64.2301
6113 63.8714
6114 64.1625
6115 64.1625
6116 64.1625
6117 64.1625
6118 64.1625
6119 64.1625
6120 64.1625
6121 64.1625
6122 64.1625
6123 64.1625
6124 64.1625
6125 64.1625
6126 64.1625
6127 64.1625
6128 64.1625
6129 64.1625
6130 64.1625
6131 64.1625
6132 64.1625
6133 64.1625
6134 64.1625
6135 64.1625
6136 64.1625
6137 64.1625
6138 64.1625
6139 64.1625
6140 64.1625
6141 64.1625
6142 64.1625
6143 64.1625
6144 64.1625
6145 64.1625
6146 64.1625
6147 64.1625
6148 64.1625
6149 64.1625
6150 64.1625
6151 64.1625
6152 64.1625
6153 64.1625
6154 64.1625
6155 64.1625
6156 64.1625
6157 64.1625
6158 64.1625
6159 64.1625
6160 64.1625
6161 64.1625
6162 64.1625
6163 64.1625
6164 64.1625
6165 64.1625
6166 64.1625
6167 64.1625
6168 64.1625
6169 64.1625
6170 64.1625
6171 64.1625
6172 64.1625
6173 64.1625
6174 64.1625
6175 64.1625
6176 64.1625
6177 64.1625
6178 64.1625
6179 64.1625
6180 64.1625
6181 64.1625
6182 64.1625
6183 64.1625
6184 64.1625
6185 64.1625
6186 64.1625
6187 64.1625
6188 64.1625
6189 64.1625
6190 64.1625
6191 64.1625
6192 64.1625
6193 64.1625
6194 64.1625
6195 64.1625
6196 64.1625
6197 64.1625
6198 64.1625
6199 64.1625
6200 64.1625
6201 64.1625
6202 64.1625
6203 64.1625
6204 64.1625
6205 64.1625
6206 64.1625
6207 64.1625
6208 64.1625
6209 64.1625
6210 64.1625
6211 64.1625
6212 64.1625
6213 64.1625
6214 64.1625
6215 64.1625
6216 64.1625
6217 64.1625
6218 64.1625
6219 64.1625
6220 64.1625
6221 64.1625
6222 64.1625
6223 64.1625
6224 64.1625
6225 64.1625
6226 64.1625
6227 64.1625
6228 64.1625
6229 64.1625
6230 64.1625
6231 64.1625
6232 64.1625
6233 64.1625
6234 64.1625
6235 64.1625
6236 64.1625
6237 64.1625
6238 64.1625
6239 64.1625
6240 64.1625
6241 64.1625
6242 64.1625
6243 64.1625
6244 64.1625
6245 64.1625
6246 64.1625
6247 64.1625
6248 64.1625
6249 64.1625
6250 64.1625
6251 64.1625
6252 64.1625
6253 64.1625
6254 64.1625
6255 64.1625
6256 64.1625
6257 64.1625
6258 64.1625
6259 64.1625
6260 64.1625
6261 64.1625
6262 64.1625
6263 64.1625
6264 64.1625
6265 64.1625
6266 64.1625
6267 64.1625
6268 64.1625
6269 64.1625
6270 64.1625
6271 64.1625
6272 64.1625
6273 64.1625
6274 64.1625
6275 64.1625
6276 64.1625
6277 64.1625
6278 64.1625
6279 64.1625
6280 64.1625
6281 64.1625
6282 64.1625
6283 64.1625
6284 64.1625
6285 64.1625
6286 64.1625
6287 64.1625
6288 64.1625
6289 64.1625
6290 64.1625
6291 64.1625
6292 64.1625
6293 64.1625
6294 64.1625
6295 64.1625
6296 64.1625
6297 64.1625
6298 64.1625
6299 64.1625
6300 64.1625
6301 64.1625
6302 64.1625
6303 64.1625
6304 64.1625
6305 64.1625
6306 64.1625
6307 64.1625
6308 64.1625
6309 64.1625
6310 64.1625
6311 64.1625
6312 64.1625
6313 64.1625
6314 64.1625
